0 
1 
0 0 0 
0 
1 
0 1 0 
0 0 0 0 
0 
1 
1 1 0 
0 1 0 0 
0 0 0 0 0 
0 
1 
1 2 0 
0 1 2 0 
0 1 0 0 0 
0 0 0 0 0 0 
0 
1 
2 2 0 
1 1 2 0 
0 1 2 0 0 
0 1 0 0 0 0 
0 0 0 0 0 0 0 
0 
1 
2 3 0 
1 3 2 0 
0 1 2 3 0 
0 1 2 0 0 0 
0 1 0 0 0 0 0 
0 0 0 0 0 0 0 0 
0 
1 
2 3 0 
1 3 3 0 
3 1 2 3 0 
0 1 2 3 0 0 
0 1 2 0 0 0 0 
0 1 0 0 0 0 0 0 
0 0 0 0 0 0 0 0 0 
0 
1 
2 3 0 
2 3 3 0 
3 4 2 3 0 
0 1 2 3 5 0 
0 1 2 3 0 0 0 
0 1 2 0 0 0 0 0 
0 1 0 0 0 0 0 0 0 
0 0 0 0 0 0 0 0 0 0 
0 
1 
2 3 0 
2 3 3 0 
3 4 6 3 0 
4 1 2 3 5 0 
0 1 2 3 5 0 0 
0 1 2 3 0 0 0 0 
0 1 2 0 0 0 0 0 0 
0 1 0 0 0 0 0 0 0 0 
0 0 0 0 0 0 0 0 0 0 0 
0 
1 
2 3 0 
2 3 4 0 
3 4 6 6 0 
4 6 2 3 5 0 
0 1 2 3 5 7 0 
0 1 2 3 5 0 0 0 
0 1 2 3 0 0 0 0 0 
0 1 2 0 0 0 0 0 0 0 
0 1 0 0 0 0 0 0 0 0 0 
0 0 0 0 0 0 0 0 0 0 0 0 
0 
1 
2 3 0 
2 3 4 0 
6 4 6 6 0 
4 6 7 3 5 0 
6 1 2 3 5 7 0 
0 1 2 3 5 7 0 0 
0 1 2 3 5 0 0 0 0 
0 1 2 3 0 0 0 0 0 0 
0 1 2 0 0 0 0 0 0 0 0 
0 1 0 0 0 0 0 0 0 0 0 0 
0 0 0 0 0 0 0 0 0 0 0 0 0 
0 
1 
2 3 0 
2 4 4 0 
6 8 6 6 0 
4 6 7 9 5 0 
6 8 2 3 5 7 0 
0 1 2 3 5 7 10 0 
0 1 2 3 5 7 0 0 0 
0 1 2 3 5 0 0 0 0 0 
0 1 2 3 0 0 0 0 0 0 0 
0 1 2 0 0 0 0 0 0 0 0 0 
0 1 0 0 0 0 0 0 0 0 0 0 0 
0 0 0 0 0 0 0 0 0 0 0 0 0 0 
0 
1 
2 3 0 
2 4 4 0 
6 8 9 6 0 
4 6 7 9 11 0 
6 8 11 3 5 7 0 
11 1 2 3 5 7 10 0 
0 1 2 3 5 7 11 0 0 
0 1 2 3 5 11 0 0 0 0 
0 1 2 3 7 0 0 0 0 0 0 
0 1 2 5 0 0 0 0 0 0 0 0 
0 1 3 0 0 0 0 0 0 0 0 0 0 
0 2 0 0 0 0 0 0 0 0 0 0 0 0 
0 0 0 0 0 0 0 0 0 0 0 0 0 0 0 
0 
1 
2 3 0 
2 4 4 0 
6 8 9 9 0 
9 6 7 9 11 0 
6 8 11 12 5 7 0 
11 14 2 3 5 7 10 0 
0 1 2 3 5 7 11 17 0 
0 1 2 3 5 11 11 0 0 0 
0 1 2 3 7 11 0 0 0 0 0 
0 1 2 5 7 0 0 0 0 0 0 0 
0 1 3 5 0 0 0 0 0 0 0 0 0 
0 2 3 0 0 0 0 0 0 0 0 0 0 0 
0 2 0 0 0 0 0 0 0 0 0 0 0 0 0 
0 0 0 0 0 0 0 0 0 0 0 0 0 0 0 0 
0 
1 
2 3 0 
2 4 4 0 
9 8 9 9 0 
9 11 7 9 11 0 
6 8 11 12 13 7 0 
11 14 16 3 5 7 10 0 
18 1 2 3 5 7 11 17 0 
0 1 2 3 5 11 11 22 0 0 
0 1 2 3 7 11 18 0 0 0 0 
0 1 2 5 7 15 0 0 0 0 0 0 
0 1 3 5 9 0 0 0 0 0 0 0 0 
0 2 3 7 0 0 0 0 0 0 0 0 0 0 
0 2 4 0 0 0 0 0 0 0 0 0 0 0 0 
0 3 0 0 0 0 0 0 0 0 0 0 0 0 0 0 
0 0 0 0 0 0 0 0 0 0 0 0 0 0 0 0 0 
0 
1 
2 3 0 
2 4 4 0 
9 10 9 9 0 
9 11 12 9 11 0 
6 8 11 12 13 17 0 
11 14 16 18 5 7 10 0 
18 23 2 3 5 7 11 17 0 
0 1 2 3 5 11 11 22 24 0 
0 1 2 3 7 11 18 22 0 0 0 
0 1 2 5 7 15 18 0 0 0 0 0 
0 1 3 5 9 15 0 0 0 0 0 0 0 
0 2 3 7 9 0 0 0 0 0 0 0 0 0 
0 2 4 7 0 0 0 0 0 0 0 0 0 0 0 
0 3 4 0 0 0 0 0 0 0 0 0 0 0 0 0 
0 3 0 0 0 0 0 0 0 0 0 0 0 0 0 0 0 
0 0 0 0 0 0 0 0 0 0 0 0 0 0 0 0 0 0 
0 
1 
2 3 0 
2 4 4 0 
9 10 10 9 0 
9 11 12 13 11 0 
13 8 11 12 13 17 0 
11 14 16 18 24 7 10 0 
18 23 27 3 5 7 11 17 0 
34 1 2 3 5 11 11 22 24 0 
0 1 2 3 7 11 18 22 29 0 0 
0 1 2 5 7 15 18 35 0 0 0 0 
0 1 3 5 9 15 22 0 0 0 0 0 0 
0 2 3 7 9 19 0 0 0 0 0 0 0 0 
0 2 4 7 11 0 0 0 0 0 0 0 0 0 0 
0 3 4 9 0 0 0 0 0 0 0 0 0 0 0 0 
0 3 5 0 0 0 0 0 0 0 0 0 0 0 0 0 0 
0 4 0 0 0 0 0 0 0 0 0 0 0 0 0 0 0 0 
0 0 0 0 0 0 0 0 0 0 0 0 0 0 0 0 0 0 0 
0 
1 
2 3 0 
2 4 4 0 
9 10 10 11 0 
9 11 12 13 14 0 
13 16 11 12 13 17 0 
11 14 16 18 24 24 10 0 
18 23 27 32 5 7 11 17 0 
34 31 2 3 5 11 11 22 24 0 
0 1 2 3 7 11 18 22 29 45 0 
0 1 2 5 7 15 18 35 29 0 0 0 
0 1 3 5 9 15 22 35 0 0 0 0 0 
0 2 3 7 9 19 22 0 0 0 0 0 0 0 
0 2 4 7 11 19 0 0 0 0 0 0 0 0 0 
0 3 4 9 11 0 0 0 0 0 0 0 0 0 0 0 
0 3 5 9 0 0 0 0 0 0 0 0 0 0 0 0 0 
0 4 5 0 0 0 0 0 0 0 0 0 0 0 0 0 0 0 
0 4 0 0 0 0 0 0 0 0 0 0 0 0 0 0 0 0 0 
0 0 0 0 0 0 0 0 0 0 0 0 0 0 0 0 0 0 0 0 
0 
1 
2 3 0 
2 4 4 0 
9 10 10 11 0 
12 11 12 13 14 0 
13 16 21 12 13 17 0 
11 14 16 18 24 24 25 0 
18 23 27 32 34 7 11 17 0 
34 31 52 3 5 11 11 22 24 0 
43 1 2 3 7 11 18 22 29 45 0 
0 1 2 5 7 15 18 35 29 55 0 0 
0 1 3 5 9 15 22 35 52 0 0 0 0 
0 2 3 7 9 19 22 42 0 0 0 0 0 0 
0 2 4 7 11 19 26 0 0 0 0 0 0 0 0 
0 3 4 9 11 23 0 0 0 0 0 0 0 0 0 0 
0 3 5 9 13 0 0 0 0 0 0 0 0 0 0 0 0 
0 4 5 11 0 0 0 0 0 0 0 0 0 0 0 0 0 0 
0 4 6 0 0 0 0 0 0 0 0 0 0 0 0 0 0 0 0 
0 5 0 0 0 0 0 0 0 0 0 0 0 0 0 0 0 0 0 0 
0 0 0 0 0 0 0 0 0 0 0 0 0 0 0 0 0 0 0 0 0 
0 
1 
2 3 0 
2 4 4 0 
9 10 10 11 0 
12 14 12 13 14 0 
13 16 21 18 13 17 0 
32 14 16 18 24 24 25 0 
18 23 27 32 34 38 11 17 0 
34 31 52 40 5 11 11 22 24 0 
43 61 2 3 7 11 18 22 29 45 0 
0 1 2 5 7 15 18 35 29 55 57 0 
0 1 3 5 9 15 22 35 52 55 0 0 0 
0 2 3 7 9 19 22 42 52 0 0 0 0 0 
0 2 4 7 11 19 26 42 0 0 0 0 0 0 0 
0 3 4 9 11 23 26 0 0 0 0 0 0 0 0 0 
0 3 5 9 13 23 0 0 0 0 0 0 0 0 0 0 0 
0 4 5 11 13 0 0 0 0 0 0 0 0 0 0 0 0 0 
0 4 6 11 0 0 0 0 0 0 0 0 0 0 0 0 0 0 0 
0 5 6 0 0 0 0 0 0 0 0 0 0 0 0 0 0 0 0 0 
0 5 0 0 0 0 0 0 0 0 0 0 0 0 0 0 0 0 0 0 0 
0 0 0 0 0 0 0 0 0 0 0 0 0 0 0 0 0 0 0 0 0 0 
0 
1 
2 3 0 
2 4 4 0 
9 10 10 11 0 
12 14 14 13 14 0 
13 16 21 18 19 17 0 
32 34 16 18 24 24 25 0 
18 23 27 32 34 38 51 17 0 
34 31 52 40 59 11 11 22 24 0 
43 61 58 3 7 11 18 22 29 45 0 
77 1 2 5 7 15 18 35 29 55 57 0 
0 1 3 5 9 15 22 35 52 55 72 0 0 
0 2 3 7 9 19 22 42 52 87 0 0 0 0 
0 2 4 7 11 19 26 42 60 0 0 0 0 0 0 
0 3 4 9 11 23 26 50 0 0 0 0 0 0 0 0 
0 3 5 9 13 23 30 0 0 0 0 0 0 0 0 0 0 
0 4 5 11 13 27 0 0 0 0 0 0 0 0 0 0 0 0 
0 4 6 11 15 0 0 0 0 0 0 0 0 0 0 0 0 0 0 
0 5 6 13 0 0 0 0 0 0 0 0 0 0 0 0 0 0 0 0 
0 5 7 0 0 0 0 0 0 0 0 0 0 0 0 0 0 0 0 0 0 
0 6 0 0 0 0 0 0 0 0 0 0 0 0 0 0 0 0 0 0 0 0 
0 0 0 0 0 0 0 0 0 0 0 0 0 0 0 0 0 0 0 0 0 0 0 
0 
1 
2 3 0 
2 4 4 0 
9 10 10 11 0 
12 14 14 14 14 0 
13 16 21 18 19 23 0 
32 34 33 18 24 24 25 0 
18 23 27 32 34 38 51 57 0 
34 31 52 40 59 61 11 22 24 0 
43 61 58 82 7 11 18 22 29 45 0 
77 71 2 5 7 15 18 35 29 55 57 0 
0 1 3 5 9 15 22 35 52 55 72 99 0 
0 2 3 7 9 19 22 42 52 87 72 0 0 0 
0 2 4 7 11 19 26 42 60 87 0 0 0 0 0 
0 3 4 9 11 23 26 50 61 0 0 0 0 0 0 0 
0 3 5 9 13 23 30 50 0 0 0 0 0 0 0 0 0 
0 4 5 11 13 27 31 0 0 0 0 0 0 0 0 0 0 0 
0 4 6 11 15 27 0 0 0 0 0 0 0 0 0 0 0 0 0 
0 5 6 13 15 0 0 0 0 0 0 0 0 0 0 0 0 0 0 0 
0 5 7 13 0 0 0 0 0 0 0 0 0 0 0 0 0 0 0 0 0 
0 6 7 0 0 0 0 0 0 0 0 0 0 0 0 0 0 0 0 0 0 0 
0 6 0 0 0 0 0 0 0 0 0 0 0 0 0 0 0 0 0 0 0 0 0 
0 0 0 0 0 0 0 0 0 0 0 0 0 0 0 0 0 0 0 0 0 0 0 0 
0 
1 
2 3 0 
2 4 4 0 
9 10 10 11 0 
12 14 14 14 15 0 
16 16 21 18 19 23 0 
32 34 33 33 24 24 25 0 
55 23 27 32 34 38 51 57 0 
34 31 52 40 59 61 75 22 24 0 
43 61 58 82 78 11 18 22 29 45 0 
77 71 118 5 7 15 18 35 29 55 57 0 
104 1 3 5 9 15 22 35 52 55 72 99 0 
0 2 3 7 9 19 22 42 52 87 72 121 0 0 
0 2 4 7 11 19 26 42 60 87 121 0 0 0 0 
0 3 4 9 11 23 26 50 61 100 0 0 0 0 0 0 
0 3 5 9 13 23 30 50 69 0 0 0 0 0 0 0 0 
0 4 5 11 13 27 31 57 0 0 0 0 0 0 0 0 0 0 
0 4 6 11 15 27 35 0 0 0 0 0 0 0 0 0 0 0 0 
0 5 6 13 15 31 0 0 0 0 0 0 0 0 0 0 0 0 0 0 
0 5 7 13 17 0 0 0 0 0 0 0 0 0 0 0 0 0 0 0 0 
0 6 7 15 0 0 0 0 0 0 0 0 0 0 0 0 0 0 0 0 0 0 
0 6 8 0 0 0 0 0 0 0 0 0 0 0 0 0 0 0 0 0 0 0 0 
0 7 0 0 0 0 0 0 0 0 0 0 0 0 0 0 0 0 0 0 0 0 0 0 
0 0 0 0 0 0 0 0 0 0 0 0 0 0 0 0 0 0 0 0 0 0 0 0 0 
0 
1 
2 3 0 
2 4 4 0 
9 10 10 11 0 
14 14 14 14 15 0 
16 20 21 18 19 23 0 
32 34 33 33 41 24 25 0 
55 54 27 32 34 38 51 57 0 
34 31 52 40 59 61 75 73 24 0 
43 61 58 82 78 100 18 22 29 45 0 
77 71 118 92 7 15 18 35 29 55 57 0 
104 139 3 5 9 15 22 35 52 55 72 99 0 
0 2 3 7 9 19 22 42 52 87 72 121 131 0 
0 2 4 7 11 19 26 42 60 87 121 121 0 0 0 
0 3 4 9 11 23 26 50 61 100 122 0 0 0 0 0 
0 3 5 9 13 23 30 50 69 100 0 0 0 0 0 0 0 
0 4 5 11 13 27 31 57 70 0 0 0 0 0 0 0 0 0 
0 4 6 11 15 27 35 57 0 0 0 0 0 0 0 0 0 0 0 
0 5 6 13 15 31 36 0 0 0 0 0 0 0 0 0 0 0 0 0 
0 5 7 13 17 31 0 0 0 0 0 0 0 0 0 0 0 0 0 0 0 
0 6 7 15 17 0 0 0 0 0 0 0 0 0 0 0 0 0 0 0 0 0 
0 6 8 15 0 0 0 0 0 0 0 0 0 0 0 0 0 0 0 0 0 0 0 
0 7 8 0 0 0 0 0 0 0 0 0 0 0 0 0 0 0 0 0 0 0 0 0 
0 7 0 0 0 0 0 0 0 0 0 0 0 0 0 0 0 0 0 0 0 0 0 0 0 
0 0 0 0 0 0 0 0 0 0 0 0 0 0 0 0 0 0 0 0 0 0 0 0 0 0 
0 
1 
2 3 0 
2 4 4 0 
9 10 10 11 0 
14 14 14 14 15 0 
16 20 26 18 19 23 0 
32 34 33 33 41 44 25 0 
55 54 65 32 34 38 51 57 0 
34 31 52 40 59 61 75 73 95 0 
43 61 58 82 78 100 94 22 29 45 0 
77 71 118 92 143 15 18 35 29 55 57 0 
104 139 148 5 9 15 22 35 52 55 72 99 0 
179 2 3 7 9 19 22 42 52 87 72 121 131 0 
0 2 4 7 11 19 26 42 60 87 121 121 163 0 0 
0 3 4 9 11 23 26 50 61 100 122 190 0 0 0 0 
0 3 5 9 13 23 30 50 69 100 136 0 0 0 0 0 0 
0 4 5 11 13 27 31 57 70 113 0 0 0 0 0 0 0 0 
0 4 6 11 15 27 35 57 78 0 0 0 0 0 0 0 0 0 0 
0 5 6 13 15 31 36 65 0 0 0 0 0 0 0 0 0 0 0 0 
0 5 7 13 17 31 40 0 0 0 0 0 0 0 0 0 0 0 0 0 0 
0 6 7 15 17 35 0 0 0 0 0 0 0 0 0 0 0 0 0 0 0 0 
0 6 8 15 19 0 0 0 0 0 0 0 0 0 0 0 0 0 0 0 0 0 0 
0 7 8 17 0 0 0 0 0 0 0 0 0 0 0 0 0 0 0 0 0 0 0 0 
0 7 9 0 0 0 0 0 0 0 0 0 0 0 0 0 0 0 0 0 0 0 0 0 0 
0 8 0 0 0 0 0 0 0 0 0 0 0 0 0 0 0 0 0 0 0 0 0 0 0 0 
0 0 0 0 0 0 0 0 0 0 0 0 0 0 0 0 0 0 0 0 0 0 0 0 0 0 0 
0 
1 
2 3 0 
2 4 4 0 
9 10 10 11 0 
14 14 14 14 15 0 
16 20 26 21 19 23 0 
32 34 33 33 41 44 41 0 
55 54 65 78 34 38 51 57 0 
85 31 52 40 59 61 75 73 95 0 
43 61 58 82 78 100 94 122 29 45 0 
77 71 118 92 143 119 18 35 29 55 57 0 
104 139 148 179 9 15 22 35 52 55 72 99 0 
179 174 3 7 9 19 22 42 52 87 72 121 131 0 
0 2 4 7 11 19 26 42 60 87 121 121 163 211 0 
0 3 4 9 11 23 26 50 61 100 122 190 164 0 0 0 
0 3 5 9 13 23 30 50 69 100 136 190 0 0 0 0 0 
0 4 5 11 13 27 31 57 70 113 137 0 0 0 0 0 0 0 
0 4 6 11 15 27 35 57 78 113 0 0 0 0 0 0 0 0 0 
0 5 6 13 15 31 36 65 78 0 0 0 0 0 0 0 0 0 0 0 
0 5 7 13 17 31 40 65 0 0 0 0 0 0 0 0 0 0 0 0 0 
0 6 7 15 17 35 41 0 0 0 0 0 0 0 0 0 0 0 0 0 0 0 
0 6 8 15 19 35 0 0 0 0 0 0 0 0 0 0 0 0 0 0 0 0 0 
0 7 8 17 19 0 0 0 0 0 0 0 0 0 0 0 0 0 0 0 0 0 0 0 
0 7 9 17 0 0 0 0 0 0 0 0 0 0 0 0 0 0 0 0 0 0 0 0 0 
0 8 9 0 0 0 0 0 0 0 0 0 0 0 0 0 0 0 0 0 0 0 0 0 0 0 
0 8 0 0 0 0 0 0 0 0 0 0 0 0 0 0 0 0 0 0 0 0 0 0 0 0 0 
0 0 0 0 0 0 0 0 0 0 0 0 0 0 0 0 0 0 0 0 0 0 0 0 0 0 0 0 
0 
1 
2 3 0 
2 4 4 0 
9 10 10 11 0 
14 14 14 14 15 0 
16 20 26 21 21 23 0 
44 34 33 33 41 44 41 0 
55 54 65 78 66 38 51 57 0 
85 108 52 40 59 61 75 73 95 0 
43 61 58 82 78 100 94 122 125 45 0 
77 71 118 92 143 119 161 35 29 55 57 0 
104 139 148 179 180 15 22 35 52 55 72 99 0 
179 174 248 7 9 19 22 42 52 87 72 121 131 0 
237 2 4 7 11 19 26 42 60 87 121 121 163 211 0 
0 3 4 9 11 23 26 50 61 100 122 190 164 259 0 0 
0 3 5 9 13 23 30 50 69 100 136 190 264 0 0 0 0 
0 4 5 11 13 27 31 57 70 113 137 215 0 0 0 0 0 0 
0 4 6 11 15 27 35 57 78 113 160 0 0 0 0 0 0 0 0 
0 5 6 13 15 31 36 65 78 132 0 0 0 0 0 0 0 0 0 0 
0 5 7 13 17 31 40 65 91 0 0 0 0 0 0 0 0 0 0 0 0 
0 6 7 15 17 35 41 77 0 0 0 0 0 0 0 0 0 0 0 0 0 0 
0 6 8 15 19 35 48 0 0 0 0 0 0 0 0 0 0 0 0 0 0 0 0 
0 7 8 17 19 41 0 0 0 0 0 0 0 0 0 0 0 0 0 0 0 0 0 0 
0 7 9 17 23 0 0 0 0 0 0 0 0 0 0 0 0 0 0 0 0 0 0 0 0 
0 8 9 20 0 0 0 0 0 0 0 0 0 0 0 0 0 0 0 0 0 0 0 0 0 0 
0 8 11 0 0 0 0 0 0 0 0 0 0 0 0 0 0 0 0 0 0 0 0 0 0 0 0 
0 10 0 0 0 0 0 0 0 0 0 0 0 0 0 0 0 0 0 0 0 0 0 0 0 0 0 0 
0 0 0 0 0 0 0 0 0 0 0 0 0 0 0 0 0 0 0 0 0 0 0 0 0 0 0 0 0 
0 
1 
2 3 0 
2 4 4 0 
9 10 10 11 0 
14 14 14 14 15 0 
16 20 26 21 21 25 0 
44 47 33 33 41 44 41 0 
55 54 65 78 66 69 51 57 0 
85 108 98 40 59 61 75 73 95 0 
43 61 58 82 78 100 94 122 125 153 0 
77 71 118 92 143 119 161 166 29 55 57 0 
104 139 148 179 180 246 22 35 52 55 72 99 0 
179 174 248 226 9 19 22 42 52 87 72 121 131 0 
237 287 4 7 11 19 26 42 60 87 121 121 163 211 0 
0 3 4 9 11 23 26 50 61 100 122 190 164 259 285 0 
0 3 5 9 13 23 30 50 69 100 136 190 264 260 0 0 0 
0 4 5 11 13 27 31 57 70 113 137 215 265 0 0 0 0 0 
0 4 6 11 15 27 35 57 78 113 160 221 0 0 0 0 0 0 0 
0 5 6 13 15 31 36 65 78 132 161 0 0 0 0 0 0 0 0 0 
0 5 7 13 17 31 40 65 91 132 0 0 0 0 0 0 0 0 0 0 0 
0 6 7 15 17 35 41 77 92 0 0 0 0 0 0 0 0 0 0 0 0 0 
0 6 8 15 19 35 48 78 0 0 0 0 0 0 0 0 0 0 0 0 0 0 0 
0 7 8 17 19 41 49 0 0 0 0 0 0 0 0 0 0 0 0 0 0 0 0 0 
0 7 9 17 23 41 0 0 0 0 0 0 0 0 0 0 0 0 0 0 0 0 0 0 0 
0 8 9 20 23 0 0 0 0 0 0 0 0 0 0 0 0 0 0 0 0 0 0 0 0 0 
0 8 11 20 0 0 0 0 0 0 0 0 0 0 0 0 0 0 0 0 0 0 0 0 0 0 0 
0 10 11 0 0 0 0 0 0 0 0 0 0 0 0 0 0 0 0 0 0 0 0 0 0 0 0 0 
0 10 0 0 0 0 0 0 0 0 0 0 0 0 0 0 0 0 0 0 0 0 0 0 0 0 0 0 0 
0 0 0 0 0 0 0 0 0 0 0 0 0 0 0 0 0 0 0 0 0 0 0 0 0 0 0 0 0 0 
0 
1 
2 3 0 
2 4 4 0 
9 10 10 11 0 
14 14 14 14 15 0 
17 20 26 21 21 25 0 
44 47 42 33 41 44 41 0 
55 54 65 78 66 69 81 57 0 
85 108 98 111 59 61 75 73 95 0 
130 61 58 82 78 100 94 122 125 153 0 
77 71 118 92 143 119 161 166 200 55 57 0 
104 139 148 179 180 246 223 35 52 55 72 99 0 
179 174 248 226 328 19 22 42 52 87 72 121 131 0 
237 287 330 7 11 19 26 42 60 87 121 121 163 211 0 
372 3 4 9 11 23 26 50 61 100 122 190 164 259 285 0 
0 3 5 9 13 23 30 50 69 100 136 190 264 260 344 0 0 
0 4 5 11 13 27 31 57 70 113 137 215 265 392 0 0 0 0 
0 4 6 11 15 27 35 57 78 113 160 221 289 0 0 0 0 0 0 
0 5 6 13 15 31 36 65 78 132 161 242 0 0 0 0 0 0 0 0 
0 5 7 13 17 31 40 65 91 132 175 0 0 0 0 0 0 0 0 0 0 
0 6 7 15 17 35 41 77 92 144 0 0 0 0 0 0 0 0 0 0 0 0 
0 6 8 15 19 35 48 78 101 0 0 0 0 0 0 0 0 0 0 0 0 0 0 
0 7 8 17 19 41 49 86 0 0 0 0 0 0 0 0 0 0 0 0 0 0 0 0 
0 7 9 17 23 41 53 0 0 0 0 0 0 0 0 0 0 0 0 0 0 0 0 0 0 
0 8 9 20 23 45 0 0 0 0 0 0 0 0 0 0 0 0 0 0 0 0 0 0 0 0 
0 8 11 20 25 0 0 0 0 0 0 0 0 0 0 0 0 0 0 0 0 0 0 0 0 0 0 
0 10 11 22 0 0 0 0 0 0 0 0 0 0 0 0 0 0 0 0 0 0 0 0 0 0 0 0 
0 10 12 0 0 0 0 0 0 0 0 0 0 0 0 0 0 0 0 0 0 0 0 0 0 0 0 0 0 
0 11 0 0 0 0 0 0 0 0 0 0 0 0 0 0 0 0 0 0 0 0 0 0 0 0 0 0 0 0 
0 0 0 0 0 0 0 0 0 0 0 0 0 0 0 0 0 0 0 0 0 0 0 0 0 0 0 0 0 0 0 
0 
1 
2 3 0 
2 4 4 0 
9 10 10 11 0 
14 14 14 14 15 0 
17 23 26 21 21 25 0 
44 47 42 44 41 44 41 0 
55 54 65 78 66 69 81 78 0 
85 108 98 111 104 61 75 73 95 0 
130 171 58 82 78 100 94 122 125 153 0 
77 71 118 92 143 119 161 166 200 186 57 0 
104 139 148 179 180 246 223 281 52 55 72 99 0 
179 174 248 226 328 286 22 42 52 87 72 121 131 0 
237 287 330 381 11 19 26 42 60 87 121 121 163 211 0 
372 376 4 9 11 23 26 50 61 100 122 190 164 259 285 0 
0 3 5 9 13 23 30 50 69 100 136 190 264 260 344 428 0 
0 4 5 11 13 27 31 57 70 113 137 215 265 392 347 0 0 0 
0 4 6 11 15 27 35 57 78 113 160 221 289 392 0 0 0 0 0 
0 5 6 13 15 31 36 65 78 132 161 242 297 0 0 0 0 0 0 0 
0 5 7 13 17 31 40 65 91 132 175 242 0 0 0 0 0 0 0 0 0 
0 6 7 15 17 35 41 77 92 144 176 0 0 0 0 0 0 0 0 0 0 0 
0 6 8 15 19 35 48 78 101 145 0 0 0 0 0 0 0 0 0 0 0 0 0 
0 7 8 17 19 41 49 86 102 0 0 0 0 0 0 0 0 0 0 0 0 0 0 0 
0 7 9 17 23 41 53 86 0 0 0 0 0 0 0 0 0 0 0 0 0 0 0 0 0 
0 8 9 20 23 45 55 0 0 0 0 0 0 0 0 0 0 0 0 0 0 0 0 0 0 0 
0 8 11 20 25 45 0 0 0 0 0 0 0 0 0 0 0 0 0 0 0 0 0 0 0 0 0 
0 10 11 22 25 0 0 0 0 0 0 0 0 0 0 0 0 0 0 0 0 0 0 0 0 0 0 0 
0 10 12 22 0 0 0 0 0 0 0 0 0 0 0 0 0 0 0 0 0 0 0 0 0 0 0 0 0 
0 11 12 0 0 0 0 0 0 0 0 0 0 0 0 0 0 0 0 0 0 0 0 0 0 0 0 0 0 0 
0 11 0 0 0 0 0 0 0 0 0 0 0 0 0 0 0 0 0 0 0 0 0 0 0 0 0 0 0 0 0 
0 0 0 0 0 0 0 0 0 0 0 0 0 0 0 0 0 0 0 0 0 0 0 0 0 0 0 0 0 0 0 0 
0 
1 
2 3 0 
2 4 4 0 
9 10 10 11 0 
14 14 14 14 15 0 
17 23 26 21 21 25 0 
44 47 42 44 49 44 41 0 
93 54 65 78 66 69 81 78 0 
85 108 98 111 104 125 75 73 95 0 
130 171 148 82 78 100 94 122 125 153 0 
77 71 118 92 143 119 161 166 200 186 234 0 
104 139 148 179 180 246 223 281 317 55 72 99 0 
179 174 248 226 328 286 382 42 52 87 72 121 131 0 
237 287 330 381 405 19 26 42 60 87 121 121 163 211 0 
372 376 512 9 11 23 26 50 61 100 122 190 164 259 285 0 
490 3 5 9 13 23 30 50 69 100 136 190 264 260 344 428 0 
0 4 5 11 13 27 31 57 70 113 137 215 265 392 347 521 0 0 
0 4 6 11 15 27 35 57 78 113 160 221 289 392 535 0 0 0 0 
0 5 6 13 15 31 36 65 78 132 161 242 297 434 0 0 0 0 0 0 
0 5 7 13 17 31 40 65 91 132 175 242 334 0 0 0 0 0 0 0 0 
0 6 7 15 17 35 41 77 92 144 176 273 0 0 0 0 0 0 0 0 0 0 
0 6 8 15 19 35 48 78 101 145 200 0 0 0 0 0 0 0 0 0 0 0 0 
0 7 8 17 19 41 49 86 102 164 0 0 0 0 0 0 0 0 0 0 0 0 0 0 
0 7 9 17 23 41 53 86 115 0 0 0 0 0 0 0 0 0 0 0 0 0 0 0 0 
0 8 9 20 23 45 55 98 0 0 0 0 0 0 0 0 0 0 0 0 0 0 0 0 0 0 
0 8 11 20 25 45 62 0 0 0 0 0 0 0 0 0 0 0 0 0 0 0 0 0 0 0 0 
0 10 11 22 25 51 0 0 0 0 0 0 0 0 0 0 0 0 0 0 0 0 0 0 0 0 0 0 
0 10 12 22 29 0 0 0 0 0 0 0 0 0 0 0 0 0 0 0 0 0 0 0 0 0 0 0 0 
0 11 12 25 0 0 0 0 0 0 0 0 0 0 0 0 0 0 0 0 0 0 0 0 0 0 0 0 0 0 
0 11 14 0 0 0 0 0 0 0 0 0 0 0 0 0 0 0 0 0 0 0 0 0 0 0 0 0 0 0 0 
0 13 0 0 0 0 0 0 0 0 0 0 0 0 0 0 0 0 0 0 0 0 0 0 0 0 0 0 0 0 0 0 
0 0 0 0 0 0 0 0 0 0 0 0 0 0 0 0 0 0 0 0 0 0 0 0 0 0 0 0 0 0 0 0 0 
0 
1 
2 3 0 
2 4 4 0 
9 10 10 11 0 
14 14 14 14 15 0 
17 23 26 21 21 25 0 
44 47 42 44 49 51 41 0 
93 72 65 78 66 69 81 78 0 
85 108 98 111 104 125 129 73 95 0 
130 171 148 186 78 100 94 122 125 153 0 
221 71 118 92 143 119 161 166 200 186 234 0 
104 139 148 179 180 246 223 281 317 327 72 99 0 
179 174 248 226 328 286 382 388 52 87 72 121 131 0 
237 287 330 381 405 491 26 42 60 87 121 121 163 211 0 
372 376 512 482 11 23 26 50 61 100 122 190 164 259 285 0 
490 568 5 9 13 23 30 50 69 100 136 190 264 260 344 428 0 
0 4 5 11 13 27 31 57 70 113 137 215 265 392 347 521 576 0 
0 4 6 11 15 27 35 57 78 113 160 221 289 392 535 525 0 0 0 
0 5 6 13 15 31 36 65 78 132 161 242 297 434 536 0 0 0 0 0 
0 5 7 13 17 31 40 65 91 132 175 242 334 452 0 0 0 0 0 0 0 
0 6 7 15 17 35 41 77 92 144 176 273 335 0 0 0 0 0 0 0 0 0 
0 6 8 15 19 35 48 78 101 145 200 274 0 0 0 0 0 0 0 0 0 0 0 
0 7 8 17 19 41 49 86 102 164 200 0 0 0 0 0 0 0 0 0 0 0 0 0 
0 7 9 17 23 41 53 86 115 164 0 0 0 0 0 0 0 0 0 0 0 0 0 0 0 
0 8 9 20 23 45 55 98 117 0 0 0 0 0 0 0 0 0 0 0 0 0 0 0 0 0 
0 8 11 20 25 45 62 98 0 0 0 0 0 0 0 0 0 0 0 0 0 0 0 0 0 0 0 
0 10 11 22 25 51 63 0 0 0 0 0 0 0 0 0 0 0 0 0 0 0 0 0 0 0 0 0 
0 10 12 22 29 51 0 0 0 0 0 0 0 0 0 0 0 0 0 0 0 0 0 0 0 0 0 0 0 
0 11 12 25 29 0 0 0 0 0 0 0 0 0 0 0 0 0 0 0 0 0 0 0 0 0 0 0 0 0 
0 11 14 25 0 0 0 0 0 0 0 0 0 0 0 0 0 0 0 0 0 0 0 0 0 0 0 0 0 0 0 
0 13 14 0 0 0 0 0 0 0 0 0 0 0 0 0 0 0 0 0 0 0 0 0 0 0 0 0 0 0 0 0 
0 13 0 0 0 0 0 0 0 0 0 0 0 0 0 0 0 0 0 0 0 0 0 0 0 0 0 0 0 0 0 0 0 
0 0 0 0 0 0 0 0 0 0 0 0 0 0 0 0 0 0 0 0 0 0 0 0 0 0 0 0 0 0 0 0 0 0 
0 
1 
2 3 0 
2 4 4 0 
9 10 10 11 0 
14 14 14 14 15 0 
17 23 26 21 21 25 0 
44 47 42 44 49 51 45 0 
93 72 80 78 66 69 81 78 0 
85 108 98 111 104 125 129 126 95 0 
130 171 148 186 174 100 94 122 125 153 0 
221 252 118 92 143 119 161 166 200 186 234 0 
104 139 148 179 180 246 223 281 317 327 345 99 0 
179 174 248 226 328 286 382 388 466 87 72 121 131 0 
237 287 330 381 405 491 488 42 60 87 121 121 163 211 0 
372 376 512 482 656 23 26 50 61 100 122 190 164 259 285 0 
490 568 656 9 13 23 30 50 69 100 136 190 264 260 344 428 0 
720 4 5 11 13 27 31 57 70 113 137 215 265 392 347 521 576 0 
0 4 6 11 15 27 35 57 78 113 160 221 289 392 535 525 683 0 0 
0 5 6 13 15 31 36 65 78 132 161 242 297 434 536 755 0 0 0 0 
0 5 7 13 17 31 40 65 91 132 175 242 334 452 576 0 0 0 0 0 0 
0 6 7 15 17 35 41 77 92 144 176 273 335 486 0 0 0 0 0 0 0 0 
0 6 8 15 19 35 48 78 101 145 200 274 360 0 0 0 0 0 0 0 0 0 0 
0 7 8 17 19 41 49 86 102 164 200 295 0 0 0 0 0 0 0 0 0 0 0 0 
0 7 9 17 23 41 53 86 115 164 214 0 0 0 0 0 0 0 0 0 0 0 0 0 0 
0 8 9 20 23 45 55 98 117 178 0 0 0 0 0 0 0 0 0 0 0 0 0 0 0 0 
0 8 11 20 25 45 62 98 125 0 0 0 0 0 0 0 0 0 0 0 0 0 0 0 0 0 0 
0 10 11 22 25 51 63 106 0 0 0 0 0 0 0 0 0 0 0 0 0 0 0 0 0 0 0 0 
0 10 12 22 29 51 68 0 0 0 0 0 0 0 0 0 0 0 0 0 0 0 0 0 0 0 0 0 0 
0 11 12 25 29 55 0 0 0 0 0 0 0 0 0 0 0 0 0 0 0 0 0 0 0 0 0 0 0 0 
0 11 14 25 31 0 0 0 0 0 0 0 0 0 0 0 0 0 0 0 0 0 0 0 0 0 0 0 0 0 0 
0 13 14 27 0 0 0 0 0 0 0 0 0 0 0 0 0 0 0 0 0 0 0 0 0 0 0 0 0 0 0 0 
0 13 15 0 0 0 0 0 0 0 0 0 0 0 0 0 0 0 0 0 0 0 0 0 0 0 0 0 0 0 0 0 0 
0 14 0 0 0 0 0 0 0 0 0 0 0 0 0 0 0 0 0 0 0 0 0 0 0 0 0 0 0 0 0 0 0 0 
0 0 0 0 0 0 0 0 0 0 0 0 0 0 0 0 0 0 0 0 0 0 0 0 0 0 0 0 0 0 0 0 0 0 0 
0 
1 
2 3 0 
2 4 4 0 
9 10 10 11 0 
14 14 14 14 15 0 
17 23 26 21 21 25 0 
48 47 42 44 49 51 45 0 
93 72 80 92 66 69 81 78 0 
85 108 98 111 104 125 129 126 125 0 
130 171 148 186 174 195 94 122 125 153 0 
221 252 267 92 143 119 161 166 200 186 234 0 
104 139 148 179 180 246 223 281 317 327 345 422 0 
179 174 248 226 328 286 382 388 466 462 72 121 131 0 
237 287 330 381 405 491 488 612 60 87 121 121 163 211 0 
372 376 512 482 656 610 26 50 61 100 122 190 164 259 285 0 
490 568 656 753 13 23 30 50 69 100 136 190 264 260 344 428 0 
720 757 5 11 13 27 31 57 70 113 137 215 265 392 347 521 576 0 
0 4 6 11 15 27 35 57 78 113 160 221 289 392 535 525 683 821 0 
0 5 6 13 15 31 36 65 78 132 161 242 297 434 536 755 688 0 0 0 
0 5 7 13 17 31 40 65 91 132 175 242 334 452 576 755 0 0 0 0 0 
0 6 7 15 17 35 41 77 92 144 176 273 335 486 597 0 0 0 0 0 0 0 
0 6 8 15 19 35 48 78 101 145 200 274 360 487 0 0 0 0 0 0 0 0 0 
0 7 8 17 19 41 49 86 102 164 200 295 361 0 0 0 0 0 0 0 0 0 0 0 
0 7 9 17 23 41 53 86 115 164 214 295 0 0 0 0 0 0 0 0 0 0 0 0 0 
0 8 9 20 23 45 55 98 117 178 216 0 0 0 0 0 0 0 0 0 0 0 0 0 0 0 
0 8 11 20 25 45 62 98 125 178 0 0 0 0 0 0 0 0 0 0 0 0 0 0 0 0 0 
0 10 11 22 25 51 63 106 126 0 0 0 0 0 0 0 0 0 0 0 0 0 0 0 0 0 0 0 
0 10 12 22 29 51 68 107 0 0 0 0 0 0 0 0 0 0 0 0 0 0 0 0 0 0 0 0 0 
0 11 12 25 29 55 69 0 0 0 0 0 0 0 0 0 0 0 0 0 0 0 0 0 0 0 0 0 0 0 
0 11 14 25 31 55 0 0 0 0 0 0 0 0 0 0 0 0 0 0 0 0 0 0 0 0 0 0 0 0 0 
0 13 14 27 31 0 0 0 0 0 0 0 0 0 0 0 0 0 0 0 0 0 0 0 0 0 0 0 0 0 0 0 
0 13 15 27 0 0 0 0 0 0 0 0 0 0 0 0 0 0 0 0 0 0 0 0 0 0 0 0 0 0 0 0 0 
0 14 15 0 0 0 0 0 0 0 0 0 0 0 0 0 0 0 0 0 0 0 0 0 0 0 0 0 0 0 0 0 0 0 
0 14 0 0 0 0 0 0 0 0 0 0 0 0 0 0 0 0 0 0 0 0 0 0 0 0 0 0 0 0 0 0 0 0 0 
0 0 0 0 0 0 0 0 0 0 0 0 0 0 0 0 0 0 0 0 0 0 0 0 0 0 0 0 0 0 0 0 0 0 0 0 
0 
1 
2 3 0 
2 4 4 0 
9 10 10 11 0 
14 14 14 14 15 0 
17 23 26 21 21 25 0 
48 49 42 44 49 51 45 0 
93 72 80 92 78 69 81 78 0 
123 108 98 111 104 125 129 126 125 0 
130 171 148 186 174 195 163 122 125 153 0 
221 252 267 269 143 119 161 166 200 186 234 0 
403 139 148 179 180 246 223 281 317 327 345 422 0 
179 174 248 226 328 286 382 388 466 462 553 121 131 0 
237 287 330 381 405 491 488 612 651 87 121 121 163 211 0 
372 376 512 482 656 610 793 50 61 100 122 190 164 259 285 0 
490 568 656 753 825 23 30 50 69 100 136 190 264 260 344 428 0 
720 757 1015 11 13 27 31 57 70 113 137 215 265 392 347 521 576 0 
965 4 6 11 15 27 35 57 78 113 160 221 289 392 535 525 683 821 0 
0 5 6 13 15 31 36 65 78 132 161 242 297 434 536 755 688 978 0 0 
0 5 7 13 17 31 40 65 91 132 175 242 334 452 576 755 1006 0 0 0 0 
0 6 7 15 17 35 41 77 92 144 176 273 335 486 597 822 0 0 0 0 0 0 
0 6 8 15 19 35 48 78 101 145 200 274 360 487 659 0 0 0 0 0 0 0 0 
0 7 8 17 19 41 49 86 102 164 200 295 361 538 0 0 0 0 0 0 0 0 0 0 
0 7 9 17 23 41 53 86 115 164 214 295 398 0 0 0 0 0 0 0 0 0 0 0 0 
0 8 9 20 23 45 55 98 117 178 216 326 0 0 0 0 0 0 0 0 0 0 0 0 0 0 
0 8 11 20 25 45 62 98 125 178 239 0 0 0 0 0 0 0 0 0 0 0 0 0 0 0 0 
0 10 11 22 25 51 63 106 126 197 0 0 0 0 0 0 0 0 0 0 0 0 0 0 0 0 0 0 
0 10 12 22 29 51 68 107 139 0 0 0 0 0 0 0 0 0 0 0 0 0 0 0 0 0 0 0 0 
0 11 12 25 29 55 69 120 0 0 0 0 0 0 0 0 0 0 0 0 0 0 0 0 0 0 0 0 0 0 
0 11 14 25 31 55 76 0 0 0 0 0 0 0 0 0 0 0 0 0 0 0 0 0 0 0 0 0 0 0 0 
0 13 14 27 31 61 0 0 0 0 0 0 0 0 0 0 0 0 0 0 0 0 0 0 0 0 0 0 0 0 0 0 
0 13 15 27 35 0 0 0 0 0 0 0 0 0 0 0 0 0 0 0 0 0 0 0 0 0 0 0 0 0 0 0 0 
0 14 15 30 0 0 0 0 0 0 0 0 0 0 0 0 0 0 0 0 0 0 0 0 0 0 0 0 0 0 0 0 0 0 
0 14 17 0 0 0 0 0 0 0 0 0 0 0 0 0 0 0 0 0 0 0 0 0 0 0 0 0 0 0 0 0 0 0 0 
0 16 0 0 0 0 0 0 0 0 0 0 0 0 0 0 0 0 0 0 0 0 0 0 0 0 0 0 0 0 0 0 0 0 0 0 
0 0 0 0 0 0 0 0 0 0 0 0 0 0 0 0 0 0 0 0 0 0 0 0 0 0 0 0 0 0 0 0 0 0 0 0 0 
0 
1 
2 3 0 
2 4 4 0 
9 10 10 11 0 
14 14 14 14 15 0 
17 23 26 21 21 25 0 
48 49 46 44 49 51 45 0 
93 72 80 92 78 79 81 78 0 
123 134 98 111 104 125 129 126 125 0 
130 171 148 186 174 195 163 220 125 153 0 
221 252 267 269 276 119 161 166 200 186 234 0 
403 434 148 179 180 246 223 281 317 327 345 422 0 
179 174 248 226 328 286 382 388 466 462 553 534 131 0 
237 287 330 381 405 491 488 612 651 693 121 121 163 211 0 
372 376 512 482 656 610 793 762 61 100 122 190 164 259 285 0 
490 568 656 753 825 951 30 50 69 100 136 190 264 260 344 428 0 
720 757 1015 977 13 27 31 57 70 113 137 215 265 392 347 521 576 0 
965 1128 6 11 15 27 35 57 78 113 160 221 289 392 535 525 683 821 0 
0 5 6 13 15 31 36 65 78 132 161 242 297 434 536 755 688 978 1110 0 
0 5 7 13 17 31 40 65 91 132 175 242 334 452 576 755 1006 987 0 0 0 
0 6 7 15 17 35 41 77 92 144 176 273 335 486 597 822 1007 0 0 0 0 0 
0 6 8 15 19 35 48 78 101 145 200 274 360 487 659 859 0 0 0 0 0 0 0 
0 7 8 17 19 41 49 86 102 164 200 295 361 538 661 0 0 0 0 0 0 0 0 0 
0 7 9 17 23 41 53 86 115 164 214 295 398 538 0 0 0 0 0 0 0 0 0 0 0 
0 8 9 20 23 45 55 98 117 178 216 326 400 0 0 0 0 0 0 0 0 0 0 0 0 0 
0 8 11 20 25 45 62 98 125 178 239 326 0 0 0 0 0 0 0 0 0 0 0 0 0 0 0 
0 10 11 22 25 51 63 106 126 197 240 0 0 0 0 0 0 0 0 0 0 0 0 0 0 0 0 0 
0 10 12 22 29 51 68 107 139 198 0 0 0 0 0 0 0 0 0 0 0 0 0 0 0 0 0 0 0 
0 11 12 25 29 55 69 120 141 0 0 0 0 0 0 0 0 0 0 0 0 0 0 0 0 0 0 0 0 0 
0 11 14 25 31 55 76 120 0 0 0 0 0 0 0 0 0 0 0 0 0 0 0 0 0 0 0 0 0 0 0 
0 13 14 27 31 61 78 0 0 0 0 0 0 0 0 0 0 0 0 0 0 0 0 0 0 0 0 0 0 0 0 0 
0 13 15 27 35 61 0 0 0 0 0 0 0 0 0 0 0 0 0 0 0 0 0 0 0 0 0 0 0 0 0 0 0 
0 14 15 30 35 0 0 0 0 0 0 0 0 0 0 0 0 0 0 0 0 0 0 0 0 0 0 0 0 0 0 0 0 0 
0 14 17 30 0 0 0 0 0 0 0 0 0 0 0 0 0 0 0 0 0 0 0 0 0 0 0 0 0 0 0 0 0 0 0 
0 16 17 0 0 0 0 0 0 0 0 0 0 0 0 0 0 0 0 0 0 0 0 0 0 0 0 0 0 0 0 0 0 0 0 0 
0 16 0 0 0 0 0 0 0 0 0 0 0 0 0 0 0 0 0 0 0 0 0 0 0 0 0 0 0 0 0 0 0 0 0 0 0 
0 0 0 0 0 0 0 0 0 0 0 0 0 0 0 0 0 0 0 0 0 0 0 0 0 0 0 0 0 0 0 0 0 0 0 0 0 0 
0 
1 
2 3 0 
2 4 4 0 
9 10 10 11 0 
14 14 14 14 15 0 
17 23 26 21 21 25 0 
48 49 46 44 49 51 45 0 
93 72 80 92 78 79 89 78 0 
123 134 146 111 104 125 129 126 125 0 
130 171 148 186 174 195 163 220 192 153 0 
221 252 267 269 276 304 161 166 200 186 234 0 
403 434 498 179 180 246 223 281 317 327 345 422 0 
179 174 248 226 328 286 382 388 466 462 553 534 619 0 
237 287 330 381 405 491 488 612 651 693 744 121 163 211 0 
372 376 512 482 656 610 793 762 999 100 122 190 164 259 285 0 
490 568 656 753 825 951 957 50 69 100 136 190 264 260 344 428 0 
720 757 1015 977 1255 27 31 57 70 113 137 215 265 392 347 521 576 0 
965 1128 1295 11 15 27 35 57 78 113 160 221 289 392 535 525 683 821 0 
1372 5 6 13 15 31 36 65 78 132 161 242 297 434 536 755 688 978 1110 0 
0 5 7 13 17 31 40 65 91 132 175 242 334 452 576 755 1006 987 1302 0 0 
0 6 7 15 17 35 41 77 92 144 176 273 335 486 597 822 1007 1383 0 0 0 0 
0 6 8 15 19 35 48 78 101 145 200 274 360 487 659 859 1072 0 0 0 0 0 0 
0 7 8 17 19 41 49 86 102 164 200 295 361 538 661 913 0 0 0 0 0 0 0 0 
0 7 9 17 23 41 53 86 115 164 214 295 398 538 701 0 0 0 0 0 0 0 0 0 0 
0 8 9 20 23 45 55 98 117 178 216 326 400 573 0 0 0 0 0 0 0 0 0 0 0 0 
0 8 11 20 25 45 62 98 125 178 239 326 425 0 0 0 0 0 0 0 0 0 0 0 0 0 0 
0 10 11 22 25 51 63 106 126 197 240 347 0 0 0 0 0 0 0 0 0 0 0 0 0 0 0 0 
0 10 12 22 29 51 68 107 139 198 255 0 0 0 0 0 0 0 0 0 0 0 0 0 0 0 0 0 0 
0 11 12 25 29 55 69 120 141 212 0 0 0 0 0 0 0 0 0 0 0 0 0 0 0 0 0 0 0 0 
0 11 14 25 31 55 76 120 149 0 0 0 0 0 0 0 0 0 0 0 0 0 0 0 0 0 0 0 0 0 0 
0 13 14 27 31 61 78 129 0 0 0 0 0 0 0 0 0 0 0 0 0 0 0 0 0 0 0 0 0 0 0 0 
0 13 15 27 35 61 82 0 0 0 0 0 0 0 0 0 0 0 0 0 0 0 0 0 0 0 0 0 0 0 0 0 0 
0 14 15 30 35 65 0 0 0 0 0 0 0 0 0 0 0 0 0 0 0 0 0 0 0 0 0 0 0 0 0 0 0 0 
0 14 17 30 37 0 0 0 0 0 0 0 0 0 0 0 0 0 0 0 0 0 0 0 0 0 0 0 0 0 0 0 0 0 0 
0 16 17 32 0 0 0 0 0 0 0 0 0 0 0 0 0 0 0 0 0 0 0 0 0 0 0 0 0 0 0 0 0 0 0 0 
0 16 18 0 0 0 0 0 0 0 0 0 0 0 0 0 0 0 0 0 0 0 0 0 0 0 0 0 0 0 0 0 0 0 0 0 0 
0 17 0 0 0 0 0 0 0 0 0 0 0 0 0 0 0 0 0 0 0 0 0 0 0 0 0 0 0 0 0 0 0 0 0 0 0 0 
0 0 0 0 0 0 0 0 0 0 0 0 0 0 0 0 0 0 0 0 0 0 0 0 0 0 0 0 0 0 0 0 0 0 0 0 0 0 0 
0 
1 
2 3 0 
2 4 4 0 
9 10 10 11 0 
14 14 14 14 15 0 
17 23 26 21 21 25 0 
48 49 46 44 49 51 45 0 
93 72 80 92 78 79 89 85 0 
123 134 146 132 104 125 129 126 125 0 
130 171 148 186 174 195 163 220 192 234 0 
221 252 267 269 276 304 297 166 200 186 234 0 
403 434 498 491 180 246 223 281 317 327 345 422 0 
670 174 248 226 328 286 382 388 466 462 553 534 619 0 
237 287 330 381 405 491 488 612 651 693 744 822 163 211 0 
372 376 512 482 656 610 793 762 999 872 122 190 164 259 285 0 
490 568 656 753 825 951 957 1186 69 100 136 190 264 260 344 428 0 
720 757 1015 977 1255 1241 31 57 70 113 137 215 265 392 347 521 576 0 
965 1128 1295 1428 15 27 35 57 78 113 160 221 289 392 535 525 683 821 0 
1372 1450 6 13 15 31 36 65 78 132 161 242 297 434 536 755 688 978 1110 0 
0 5 7 13 17 31 40 65 91 132 175 242 334 452 576 755 1006 987 1302 1532 0 
0 6 7 15 17 35 41 77 92 144 176 273 335 486 597 822 1007 1383 1312 0 0 0 
0 6 8 15 19 35 48 78 101 145 200 274 360 487 659 859 1072 1384 0 0 0 0 0 
0 7 8 17 19 41 49 86 102 164 200 295 361 538 661 913 1119 0 0 0 0 0 0 0 
0 7 9 17 23 41 53 86 115 164 214 295 398 538 701 913 0 0 0 0 0 0 0 0 0 
0 8 9 20 23 45 55 98 117 178 216 326 400 573 703 0 0 0 0 0 0 0 0 0 0 0 
0 8 11 20 25 45 62 98 125 178 239 326 425 573 0 0 0 0 0 0 0 0 0 0 0 0 0 
0 10 11 22 25 51 63 106 126 197 240 347 425 0 0 0 0 0 0 0 0 0 0 0 0 0 0 0 
0 10 12 22 29 51 68 107 139 198 255 348 0 0 0 0 0 0 0 0 0 0 0 0 0 0 0 0 0 
0 11 12 25 29 55 69 120 141 212 257 0 0 0 0 0 0 0 0 0 0 0 0 0 0 0 0 0 0 0 
0 11 14 25 31 55 76 120 149 212 0 0 0 0 0 0 0 0 0 0 0 0 0 0 0 0 0 0 0 0 0 
0 13 14 27 31 61 78 129 151 0 0 0 0 0 0 0 0 0 0 0 0 0 0 0 0 0 0 0 0 0 0 0 
0 13 15 27 35 61 82 129 0 0 0 0 0 0 0 0 0 0 0 0 0 0 0 0 0 0 0 0 0 0 0 0 0 
0 14 15 30 35 65 84 0 0 0 0 0 0 0 0 0 0 0 0 0 0 0 0 0 0 0 0 0 0 0 0 0 0 0 
0 14 17 30 37 65 0 0 0 0 0 0 0 0 0 0 0 0 0 0 0 0 0 0 0 0 0 0 0 0 0 0 0 0 0 
0 16 17 32 37 0 0 0 0 0 0 0 0 0 0 0 0 0 0 0 0 0 0 0 0 0 0 0 0 0 0 0 0 0 0 0 
0 16 18 32 0 0 0 0 0 0 0 0 0 0 0 0 0 0 0 0 0 0 0 0 0 0 0 0 0 0 0 0 0 0 0 0 0 
0 17 18 0 0 0 0 0 0 0 0 0 0 0 0 0 0 0 0 0 0 0 0 0 0 0 0 0 0 0 0 0 0 0 0 0 0 0 
0 17 0 0 0 0 0 0 0 0 0 0 0 0 0 0 0 0 0 0 0 0 0 0 0 0 0 0 0 0 0 0 0 0 0 0 0 0 0 
0 0 0 0 0 0 0 0 0 0 0 0 0 0 0 0 0 0 0 0 0 0 0 0 0 0 0 0 0 0 0 0 0 0 0 0 0 0 0 0 
0 
1 
2 3 0 
2 4 4 0 
9 10 10 11 0 
14 14 14 14 15 0 
17 23 26 21 21 25 0 
48 49 46 44 49 51 45 0 
97 72 80 92 78 79 89 85 0 
123 134 146 132 122 125 129 126 125 0 
197 171 148 186 174 195 163 220 192 234 0 
221 252 267 269 276 304 297 327 200 186 234 0 
403 434 498 491 490 246 223 281 317 327 345 422 0 
670 673 248 226 328 286 382 388 466 462 553 534 619 0 
237 287 330 381 405 491 488 612 651 693 744 822 898 211 0 
372 376 512 482 656 610 793 762 999 872 1138 190 164 259 285 0 
490 568 656 753 825 951 957 1186 1188 100 136 190 264 260 344 428 0 
720 757 1015 977 1255 1241 1526 57 70 113 137 215 265 392 347 521 576 0 
965 1128 1295 1428 1648 27 35 57 78 113 160 221 289 392 535 525 683 821 0 
1372 1450 1860 13 15 31 36 65 78 132 161 242 297 434 536 755 688 978 1110 0 
1804 5 7 13 17 31 40 65 91 132 175 242 334 452 576 755 1006 987 1302 1532 0 
0 6 7 15 17 35 41 77 92 144 176 273 335 486 597 822 1007 1383 1312 1794 0 0 
0 6 8 15 19 35 48 78 101 145 200 274 360 487 659 859 1072 1384 1832 0 0 0 0 
0 7 8 17 19 41 49 86 102 164 200 295 361 538 661 913 1119 1490 0 0 0 0 0 0 
0 7 9 17 23 41 53 86 115 164 214 295 398 538 701 913 1215 0 0 0 0 0 0 0 0 
0 8 9 20 23 45 55 98 117 178 216 326 400 573 703 993 0 0 0 0 0 0 0 0 0 0 
0 8 11 20 25 45 62 98 125 178 239 326 425 573 764 0 0 0 0 0 0 0 0 0 0 0 0 
0 10 11 22 25 51 63 106 126 197 240 347 425 624 0 0 0 0 0 0 0 0 0 0 0 0 0 0 
0 10 12 22 29 51 68 107 139 198 255 348 463 0 0 0 0 0 0 0 0 0 0 0 0 0 0 0 0 
0 11 12 25 29 55 69 120 141 212 257 380 0 0 0 0 0 0 0 0 0 0 0 0 0 0 0 0 0 0 
0 11 14 25 31 55 76 120 149 212 280 0 0 0 0 0 0 0 0 0 0 0 0 0 0 0 0 0 0 0 0 
0 13 14 27 31 61 78 129 151 231 0 0 0 0 0 0 0 0 0 0 0 0 0 0 0 0 0 0 0 0 0 0 
0 13 15 27 35 61 82 129 164 0 0 0 0 0 0 0 0 0 0 0 0 0 0 0 0 0 0 0 0 0 0 0 0 
0 14 15 30 35 65 84 141 0 0 0 0 0 0 0 0 0 0 0 0 0 0 0 0 0 0 0 0 0 0 0 0 0 0 
0 14 17 30 37 65 92 0 0 0 0 0 0 0 0 0 0 0 0 0 0 0 0 0 0 0 0 0 0 0 0 0 0 0 0 
0 16 17 32 37 71 0 0 0 0 0 0 0 0 0 0 0 0 0 0 0 0 0 0 0 0 0 0 0 0 0 0 0 0 0 0 
0 16 18 32 41 0 0 0 0 0 0 0 0 0 0 0 0 0 0 0 0 0 0 0 0 0 0 0 0 0 0 0 0 0 0 0 0 
0 17 18 35 0 0 0 0 0 0 0 0 0 0 0 0 0 0 0 0 0 0 0 0 0 0 0 0 0 0 0 0 0 0 0 0 0 0 
0 17 20 0 0 0 0 0 0 0 0 0 0 0 0 0 0 0 0 0 0 0 0 0 0 0 0 0 0 0 0 0 0 0 0 0 0 0 0 
0 19 0 0 0 0 0 0 0 0 0 0 0 0 0 0 0 0 0 0 0 0 0 0 0 0 0 0 0 0 0 0 0 0 0 0 0 0 0 0 
0 0 0 0 0 0 0 0 0 0 0 0 0 0 0 0 0 0 0 0 0 0 0 0 0 0 0 0 0 0 0 0 0 0 0 0 0 0 0 0 0 
0 
1 
2 3 0 
2 4 4 0 
9 10 10 11 0 
14 14 14 14 15 0 
17 23 26 21 21 25 0 
48 49 46 44 49 51 45 0 
97 76 80 92 78 79 89 85 0 
123 134 146 132 122 143 129 126 125 0 
197 221 148 186 174 195 163 220 192 234 0 
221 252 267 269 276 304 297 327 333 186 234 0 
403 434 498 491 490 587 223 281 317 327 345 422 0 
670 673 715 226 328 286 382 388 466 462 553 534 619 0 
237 287 330 381 405 491 488 612 651 693 744 822 898 936 0 
372 376 512 482 656 610 793 762 999 872 1138 1128 164 259 285 0 
490 568 656 753 825 951 957 1186 1188 1414 136 190 264 260 344 428 0 
720 757 1015 977 1255 1241 1526 1516 70 113 137 215 265 392 347 521 576 0 
965 1128 1295 1428 1648 1824 35 57 78 113 160 221 289 392 535 525 683 821 0 
1372 1450 1860 1891 15 31 36 65 78 132 161 242 297 434 536 755 688 978 1110 0 
1804 2056 7 13 17 31 40 65 91 132 175 242 334 452 576 755 1006 987 1302 1532 0 
0 6 7 15 17 35 41 77 92 144 176 273 335 486 597 822 1007 1383 1312 1794 2032 0 
0 6 8 15 19 35 48 78 101 145 200 274 360 487 659 859 1072 1384 1832 1811 0 0 0 
0 7 8 17 19 41 49 86 102 164 200 295 361 538 661 913 1119 1490 1834 0 0 0 0 0 
0 7 9 17 23 41 53 86 115 164 214 295 398 538 701 913 1215 1558 0 0 0 0 0 0 0 
0 8 9 20 23 45 55 98 117 178 216 326 400 573 703 993 1217 0 0 0 0 0 0 0 0 0 
0 8 11 20 25 45 62 98 125 178 239 326 425 573 764 993 0 0 0 0 0 0 0 0 0 0 0 
0 10 11 22 25 51 63 106 126 197 240 347 425 624 765 0 0 0 0 0 0 0 0 0 0 0 0 0 
0 10 12 22 29 51 68 107 139 198 255 348 463 625 0 0 0 0 0 0 0 0 0 0 0 0 0 0 0 
0 11 12 25 29 55 69 120 141 212 257 380 466 0 0 0 0 0 0 0 0 0 0 0 0 0 0 0 0 0 
0 11 14 25 31 55 76 120 149 212 280 380 0 0 0 0 0 0 0 0 0 0 0 0 0 0 0 0 0 0 0 
0 13 14 27 31 61 78 129 151 231 282 0 0 0 0 0 0 0 0 0 0 0 0 0 0 0 0 0 0 0 0 0 
0 13 15 27 35 61 82 129 164 231 0 0 0 0 0 0 0 0 0 0 0 0 0 0 0 0 0 0 0 0 0 0 0 
0 14 15 30 35 65 84 141 166 0 0 0 0 0 0 0 0 0 0 0 0 0 0 0 0 0 0 0 0 0 0 0 0 0 
0 14 17 30 37 65 92 142 0 0 0 0 0 0 0 0 0 0 0 0 0 0 0 0 0 0 0 0 0 0 0 0 0 0 0 
0 16 17 32 37 71 93 0 0 0 0 0 0 0 0 0 0 0 0 0 0 0 0 0 0 0 0 0 0 0 0 0 0 0 0 0 
0 16 18 32 41 71 0 0 0 0 0 0 0 0 0 0 0 0 0 0 0 0 0 0 0 0 0 0 0 0 0 0 0 0 0 0 0 
0 17 18 35 41 0 0 0 0 0 0 0 0 0 0 0 0 0 0 0 0 0 0 0 0 0 0 0 0 0 0 0 0 0 0 0 0 0 
0 17 20 35 0 0 0 0 0 0 0 0 0 0 0 0 0 0 0 0 0 0 0 0 0 0 0 0 0 0 0 0 0 0 0 0 0 0 0 
0 19 20 0 0 0 0 0 0 0 0 0 0 0 0 0 0 0 0 0 0 0 0 0 0 0 0 0 0 0 0 0 0 0 0 0 0 0 0 0 
0 19 0 0 0 0 0 0 0 0 0 0 0 0 0 0 0 0 0 0 0 0 0 0 0 0 0 0 0 0 0 0 0 0 0 0 0 0 0 0 0 
0 0 0 0 0 0 0 0 0 0 0 0 0 0 0 0 0 0 0 0 0 0 0 0 0 0 0 0 0 0 0 0 0 0 0 0 0 0 0 0 0 0 
0 
1 
2 3 0 
2 4 4 0 
9 10 10 11 0 
14 14 14 14 15 0 
17 23 26 21 21 25 0 
48 49 46 44 49 51 45 0 
97 76 82 92 78 79 89 85 0 
123 134 146 132 122 143 142 126 125 0 
197 221 195 186 174 195 163 220 192 234 0 
221 252 267 269 276 304 297 327 333 346 234 0 
403 434 498 491 490 587 525 281 317 327 345 422 0 
670 673 715 777 328 286 382 388 466 462 553 534 619 0 
1009 287 330 381 405 491 488 612 651 693 744 822 898 936 0 
372 376 512 482 656 610 793 762 999 872 1138 1128 1284 259 285 0 
490 568 656 753 825 951 957 1186 1188 1414 1407 190 264 260 344 428 0 
720 757 1015 977 1255 1241 1526 1516 1976 113 137 215 265 392 347 521 576 0 
965 1128 1295 1428 1648 1824 1964 57 78 113 160 221 289 392 535 525 683 821 0 
1372 1450 1860 1891 2325 31 36 65 78 132 161 242 297 434 536 755 688 978 1110 0 
1804 2056 2417 13 17 31 40 65 91 132 175 242 334 452 576 755 1006 987 1302 1532 0 
2481 6 7 15 17 35 41 77 92 144 176 273 335 486 597 822 1007 1383 1312 1794 2032 0 
0 6 8 15 19 35 48 78 101 145 200 274 360 487 659 859 1072 1384 1832 1811 2340 0 0 
0 7 8 17 19 41 49 86 102 164 200 295 361 538 661 913 1119 1490 1834 2467 0 0 0 0 
0 7 9 17 23 41 53 86 115 164 214 295 398 538 701 913 1215 1558 1947 0 0 0 0 0 0 
0 8 9 20 23 45 55 98 117 178 216 326 400 573 703 993 1217 1655 0 0 0 0 0 0 0 0 
0 8 11 20 25 45 62 98 125 178 239 326 425 573 764 993 1300 0 0 0 0 0 0 0 0 0 0 
0 10 11 22 25 51 63 106 126 197 240 347 425 624 765 1063 0 0 0 0 0 0 0 0 0 0 0 0 
0 10 12 22 29 51 68 107 139 198 255 348 463 625 818 0 0 0 0 0 0 0 0 0 0 0 0 0 0 
0 11 12 25 29 55 69 120 141 212 257 380 466 670 0 0 0 0 0 0 0 0 0 0 0 0 0 0 0 0 
0 11 14 25 31 55 76 120 149 212 280 380 498 0 0 0 0 0 0 0 0 0 0 0 0 0 0 0 0 0 0 
0 13 14 27 31 61 78 129 151 231 282 409 0 0 0 0 0 0 0 0 0 0 0 0 0 0 0 0 0 0 0 0 
0 13 15 27 35 61 82 129 164 231 301 0 0 0 0 0 0 0 0 0 0 0 0 0 0 0 0 0 0 0 0 0 0 
0 14 15 30 35 65 84 141 166 250 0 0 0 0 0 0 0 0 0 0 0 0 0 0 0 0 0 0 0 0 0 0 0 0 
0 14 17 30 37 65 92 142 178 0 0 0 0 0 0 0 0 0 0 0 0 0 0 0 0 0 0 0 0 0 0 0 0 0 0 
0 16 17 32 37 71 93 153 0 0 0 0 0 0 0 0 0 0 0 0 0 0 0 0 0 0 0 0 0 0 0 0 0 0 0 0 
0 16 18 32 41 71 99 0 0 0 0 0 0 0 0 0 0 0 0 0 0 0 0 0 0 0 0 0 0 0 0 0 0 0 0 0 0 
0 17 18 35 41 77 0 0 0 0 0 0 0 0 0 0 0 0 0 0 0 0 0 0 0 0 0 0 0 0 0 0 0 0 0 0 0 0 
0 17 20 35 44 0 0 0 0 0 0 0 0 0 0 0 0 0 0 0 0 0 0 0 0 0 0 0 0 0 0 0 0 0 0 0 0 0 0 
0 19 20 38 0 0 0 0 0 0 0 0 0 0 0 0 0 0 0 0 0 0 0 0 0 0 0 0 0 0 0 0 0 0 0 0 0 0 0 0 
0 19 22 0 0 0 0 0 0 0 0 0 0 0 0 0 0 0 0 0 0 0 0 0 0 0 0 0 0 0 0 0 0 0 0 0 0 0 0 0 0 
0 21 0 0 0 0 0 0 0 0 0 0 0 0 0 0 0 0 0 0 0 0 0 0 0 0 0 0 0 0 0 0 0 0 0 0 0 0 0 0 0 0 
0 0 0 0 0 0 0 0 0 0 0 0 0 0 0 0 0 0 0 0 0 0 0 0 0 0 0 0 0 0 0 0 0 0 0 0 0 0 0 0 0 0 0 
0 
1 
2 3 0 
2 4 4 0 
9 10 10 11 0 
14 14 14 14 15 0 
17 23 26 21 21 25 0 
48 49 46 44 49 51 45 0 
97 76 82 97 78 79 89 85 0 
123 134 146 132 122 143 142 138 125 0 
197 221 195 220 174 195 163 220 192 234 0 
221 252 267 269 276 304 297 327 333 346 334 0 
403 434 498 491 490 587 525 584 317 327 345 422 0 
670 673 715 777 804 286 382 388 466 462 553 534 619 0 
1009 1047 330 381 405 491 488 612 651 693 744 822 898 936 0 
372 376 512 482 656 610 793 762 999 872 1138 1128 1284 1257 285 0 
490 568 656 753 825 951 957 1186 1188 1414 1407 1623 264 260 344 428 0 
720 757 1015 977 1255 1241 1526 1516 1976 1754 137 215 265 392 347 521 576 0 
965 1128 1295 1428 1648 1824 1964 2306 78 113 160 221 289 392 535 525 683 821 0 
1372 1450 1860 1891 2325 2388 36 65 78 132 161 242 297 434 536 755 688 978 1110 0 
1804 2056 2417 2620 17 31 40 65 91 132 175 242 334 452 576 755 1006 987 1302 1532 0 
2481 2672 7 15 17 35 41 77 92 144 176 273 335 486 597 822 1007 1383 1312 1794 2032 0 
0 6 8 15 19 35 48 78 101 145 200 274 360 487 659 859 1072 1384 1832 1811 2340 2737 0 
0 7 8 17 19 41 49 86 102 164 200 295 361 538 661 913 1119 1490 1834 2467 2363 0 0 0 
0 7 9 17 23 41 53 86 115 164 214 295 398 538 701 913 1215 1558 1947 2469 0 0 0 0 0 
0 8 9 20 23 45 55 98 117 178 216 326 400 573 703 993 1217 1655 2029 0 0 0 0 0 0 0 
0 8 11 20 25 45 62 98 125 178 239 326 425 573 764 993 1300 1655 0 0 0 0 0 0 0 0 0 
0 10 11 22 25 51 63 106 126 197 240 347 425 624 765 1063 1301 0 0 0 0 0 0 0 0 0 0 0 
0 10 12 22 29 51 68 107 139 198 255 348 463 625 818 1064 0 0 0 0 0 0 0 0 0 0 0 0 0 
0 11 12 25 29 55 69 120 141 212 257 380 466 670 821 0 0 0 0 0 0 0 0 0 0 0 0 0 0 0 
0 11 14 25 31 55 76 120 149 212 280 380 498 670 0 0 0 0 0 0 0 0 0 0 0 0 0 0 0 0 0 
0 13 14 27 31 61 78 129 151 231 282 409 500 0 0 0 0 0 0 0 0 0 0 0 0 0 0 0 0 0 0 0 
0 13 15 27 35 61 82 129 164 231 301 409 0 0 0 0 0 0 0 0 0 0 0 0 0 0 0 0 0 0 0 0 0 
0 14 15 30 35 65 84 141 166 250 303 0 0 0 0 0 0 0 0 0 0 0 0 0 0 0 0 0 0 0 0 0 0 0 
0 14 17 30 37 65 92 142 178 251 0 0 0 0 0 0 0 0 0 0 0 0 0 0 0 0 0 0 0 0 0 0 0 0 0 
0 16 17 32 37 71 93 153 179 0 0 0 0 0 0 0 0 0 0 0 0 0 0 0 0 0 0 0 0 0 0 0 0 0 0 0 
0 16 18 32 41 71 99 154 0 0 0 0 0 0 0 0 0 0 0 0 0 0 0 0 0 0 0 0 0 0 0 0 0 0 0 0 0 
0 17 18 35 41 77 102 0 0 0 0 0 0 0 0 0 0 0 0 0 0 0 0 0 0 0 0 0 0 0 0 0 0 0 0 0 0 0 
0 17 20 35 44 77 0 0 0 0 0 0 0 0 0 0 0 0 0 0 0 0 0 0 0 0 0 0 0 0 0 0 0 0 0 0 0 0 0 
0 19 20 38 44 0 0 0 0 0 0 0 0 0 0 0 0 0 0 0 0 0 0 0 0 0 0 0 0 0 0 0 0 0 0 0 0 0 0 0 
0 19 22 38 0 0 0 0 0 0 0 0 0 0 0 0 0 0 0 0 0 0 0 0 0 0 0 0 0 0 0 0 0 0 0 0 0 0 0 0 0 
0 21 22 0 0 0 0 0 0 0 0 0 0 0 0 0 0 0 0 0 0 0 0 0 0 0 0 0 0 0 0 0 0 0 0 0 0 0 0 0 0 0 
0 21 0 0 0 0 0 0 0 0 0 0 0 0 0 0 0 0 0 0 0 0 0 0 0 0 0 0 0 0 0 0 0 0 0 0 0 0 0 0 0 0 0 
0 0 0 0 0 0 0 0 0 0 0 0 0 0 0 0 0 0 0 0 0 0 0 0 0 0 0 0 0 0 0 0 0 0 0 0 0 0 0 0 0 0 0 0 
0 
1 
2 3 0 
2 4 4 0 
9 10 10 11 0 
14 14 14 14 15 0 
17 23 26 21 21 25 0 
48 49 46 44 49 51 45 0 
97 76 82 97 78 79 89 85 0 
123 134 146 132 122 143 142 138 136 0 
197 221 195 220 247 195 163 220 192 234 0 
347 252 267 269 276 304 297 327 333 346 334 0 
403 434 498 491 490 587 525 584 624 327 345 422 0 
670 673 715 777 804 791 382 388 466 462 553 534 619 0 
1009 1047 1126 381 405 491 488 612 651 693 744 822 898 936 0 
372 376 512 482 656 610 793 762 999 872 1138 1128 1284 1257 1482 0 
490 568 656 753 825 951 957 1186 1188 1414 1407 1623 1725 260 344 428 0 
720 757 1015 977 1255 1241 1526 1516 1976 1754 2288 215 265 392 347 521 576 0 
965 1128 1295 1428 1648 1824 1964 2306 2438 113 160 221 289 392 535 525 683 821 0 
1372 1450 1860 1891 2325 2388 2877 65 78 132 161 242 297 434 536 755 688 978 1110 0 
1804 2056 2417 2620 3108 31 40 65 91 132 175 242 334 452 576 755 1006 987 1302 1532 0 
2481 2672 3370 15 17 35 41 77 92 144 176 273 335 486 597 822 1007 1383 1312 1794 2032 0 
3247 6 8 15 19 35 48 78 101 145 200 274 360 487 659 859 1072 1384 1832 1811 2340 2737 0 
0 7 8 17 19 41 49 86 102 164 200 295 361 538 661 913 1119 1490 1834 2467 2363 3200 0 0 
0 7 9 17 23 41 53 86 115 164 214 295 398 538 701 913 1215 1558 1947 2469 3222 0 0 0 0 
0 8 9 20 23 45 55 98 117 178 216 326 400 573 703 993 1217 1655 2029 2651 0 0 0 0 0 0 
0 8 11 20 25 45 62 98 125 178 239 326 425 573 764 993 1300 1655 2190 0 0 0 0 0 0 0 0 
0 10 11 22 25 51 63 106 126 197 240 347 425 624 765 1063 1301 1799 0 0 0 0 0 0 0 0 0 0 
0 10 12 22 29 51 68 107 139 198 255 348 463 625 818 1064 1404 0 0 0 0 0 0 0 0 0 0 0 0 
0 11 12 25 29 55 69 120 141 212 257 380 466 670 821 1149 0 0 0 0 0 0 0 0 0 0 0 0 0 0 
0 11 14 25 31 55 76 120 149 212 280 380 498 670 887 0 0 0 0 0 0 0 0 0 0 0 0 0 0 0 0 
0 13 14 27 31 61 78 129 151 231 282 409 500 725 0 0 0 0 0 0 0 0 0 0 0 0 0 0 0 0 0 0 
0 13 15 27 35 61 82 129 164 231 301 409 540 0 0 0 0 0 0 0 0 0 0 0 0 0 0 0 0 0 0 0 0 
0 14 15 30 35 65 84 141 166 250 303 443 0 0 0 0 0 0 0 0 0 0 0 0 0 0 0 0 0 0 0 0 0 0 
0 14 17 30 37 65 92 142 178 251 327 0 0 0 0 0 0 0 0 0 0 0 0 0 0 0 0 0 0 0 0 0 0 0 0 
0 16 17 32 37 71 93 153 179 271 0 0 0 0 0 0 0 0 0 0 0 0 0 0 0 0 0 0 0 0 0 0 0 0 0 0 
0 16 18 32 41 71 99 154 194 0 0 0 0 0 0 0 0 0 0 0 0 0 0 0 0 0 0 0 0 0 0 0 0 0 0 0 0 
0 17 18 35 41 77 102 167 0 0 0 0 0 0 0 0 0 0 0 0 0 0 0 0 0 0 0 0 0 0 0 0 0 0 0 0 0 0 
0 17 20 35 44 77 109 0 0 0 0 0 0 0 0 0 0 0 0 0 0 0 0 0 0 0 0 0 0 0 0 0 0 0 0 0 0 0 0 
0 19 20 38 44 84 0 0 0 0 0 0 0 0 0 0 0 0 0 0 0 0 0 0 0 0 0 0 0 0 0 0 0 0 0 0 0 0 0 0 
0 19 22 38 48 0 0 0 0 0 0 0 0 0 0 0 0 0 0 0 0 0 0 0 0 0 0 0 0 0 0 0 0 0 0 0 0 0 0 0 0 
0 21 22 41 0 0 0 0 0 0 0 0 0 0 0 0 0 0 0 0 0 0 0 0 0 0 0 0 0 0 0 0 0 0 0 0 0 0 0 0 0 0 
0 21 24 0 0 0 0 0 0 0 0 0 0 0 0 0 0 0 0 0 0 0 0 0 0 0 0 0 0 0 0 0 0 0 0 0 0 0 0 0 0 0 0 
0 23 0 0 0 0 0 0 0 0 0 0 0 0 0 0 0 0 0 0 0 0 0 0 0 0 0 0 0 0 0 0 0 0 0 0 0 0 0 0 0 0 0 0 
0 0 0 0 0 0 0 0 0 0 0 0 0 0 0 0 0 0 0 0 0 0 0 0 0 0 0 0 0 0 0 0 0 0 0 0 0 0 0 0 0 0 0 0 0 
0 
1 
2 3 0 
2 4 4 0 
9 10 10 11 0 
14 14 14 14 15 0 
17 23 26 21 21 25 0 
48 49 46 44 49 51 45 0 
97 76 82 97 78 79 89 85 0 
131 134 146 132 122 143 142 138 136 0 
197 221 195 220 247 221 163 220 192 234 0 
347 393 267 269 276 304 297 327 333 346 334 0 
403 434 498 491 490 587 525 584 624 593 345 422 0 
670 673 715 777 804 791 869 388 466 462 553 534 619 0 
1009 1047 1126 1171 405 491 488 612 651 693 744 822 898 936 0 
1414 376 512 482 656 610 793 762 999 872 1138 1128 1284 1257 1482 0 
490 568 656 753 825 951 957 1186 1188 1414 1407 1623 1725 1799 344 428 0 
720 757 1015 977 1255 1241 1526 1516 1976 1754 2288 2199 265 392 347 521 576 0 
965 1128 1295 1428 1648 1824 1964 2306 2438 2731 160 221 289 392 535 525 683 821 0 
1372 1450 1860 1891 2325 2388 2877 2957 78 132 161 242 297 434 536 755 688 978 1110 0 
1804 2056 2417 2620 3108 3398 40 65 91 132 175 242 334 452 576 755 1006 987 1302 1532 0 
2481 2672 3370 3495 17 35 41 77 92 144 176 273 335 486 597 822 1007 1383 1312 1794 2032 0 
3247 3670 8 15 19 35 48 78 101 145 200 274 360 487 659 859 1072 1384 1832 1811 2340 2737 0 
0 7 8 17 19 41 49 86 102 164 200 295 361 538 661 913 1119 1490 1834 2467 2363 3200 3629 0 
0 7 9 17 23 41 53 86 115 164 214 295 398 538 701 913 1215 1558 1947 2469 3222 3232 0 0 0 
0 8 9 20 23 45 55 98 117 178 216 326 400 573 703 993 1217 1655 2029 2651 3227 0 0 0 0 0 
0 8 11 20 25 45 62 98 125 178 239 326 425 573 764 993 1300 1655 2190 2771 0 0 0 0 0 0 0 
0 10 11 22 25 51 63 106 126 197 240 347 425 624 765 1063 1301 1799 2191 0 0 0 0 0 0 0 0 0 
0 10 12 22 29 51 68 107 139 198 255 348 463 625 818 1064 1404 1800 0 0 0 0 0 0 0 0 0 0 0 
0 11 12 25 29 55 69 120 141 212 257 380 466 670 821 1149 1406 0 0 0 0 0 0 0 0 0 0 0 0 0 
0 11 14 25 31 55 76 120 149 212 280 380 498 670 887 1149 0 0 0 0 0 0 0 0 0 0 0 0 0 0 0 
0 13 14 27 31 61 78 129 151 231 282 409 500 725 888 0 0 0 0 0 0 0 0 0 0 0 0 0 0 0 0 0 
0 13 15 27 35 61 82 129 164 231 301 409 540 725 0 0 0 0 0 0 0 0 0 0 0 0 0 0 0 0 0 0 0 
0 14 15 30 35 65 84 141 166 250 303 443 542 0 0 0 0 0 0 0 0 0 0 0 0 0 0 0 0 0 0 0 0 0 
0 14 17 30 37 65 92 142 178 251 327 444 0 0 0 0 0 0 0 0 0 0 0 0 0 0 0 0 0 0 0 0 0 0 0 
0 16 17 32 37 71 93 153 179 271 328 0 0 0 0 0 0 0 0 0 0 0 0 0 0 0 0 0 0 0 0 0 0 0 0 0 
0 16 18 32 41 71 99 154 194 272 0 0 0 0 0 0 0 0 0 0 0 0 0 0 0 0 0 0 0 0 0 0 0 0 0 0 0 
0 17 18 35 41 77 102 167 196 0 0 0 0 0 0 0 0 0 0 0 0 0 0 0 0 0 0 0 0 0 0 0 0 0 0 0 0 0 
0 17 20 35 44 77 109 167 0 0 0 0 0 0 0 0 0 0 0 0 0 0 0 0 0 0 0 0 0 0 0 0 0 0 0 0 0 0 0 
0 19 20 38 44 84 110 0 0 0 0 0 0 0 0 0 0 0 0 0 0 0 0 0 0 0 0 0 0 0 0 0 0 0 0 0 0 0 0 0 
0 19 22 38 48 84 0 0 0 0 0 0 0 0 0 0 0 0 0 0 0 0 0 0 0 0 0 0 0 0 0 0 0 0 0 0 0 0 0 0 0 
0 21 22 41 48 0 0 0 0 0 0 0 0 0 0 0 0 0 0 0 0 0 0 0 0 0 0 0 0 0 0 0 0 0 0 0 0 0 0 0 0 0 
0 21 24 41 0 0 0 0 0 0 0 0 0 0 0 0 0 0 0 0 0 0 0 0 0 0 0 0 0 0 0 0 0 0 0 0 0 0 0 0 0 0 0 
0 23 24 0 0 0 0 0 0 0 0 0 0 0 0 0 0 0 0 0 0 0 0 0 0 0 0 0 0 0 0 0 0 0 0 0 0 0 0 0 0 0 0 0 
0 23 0 0 0 0 0 0 0 0 0 0 0 0 0 0 0 0 0 0 0 0 0 0 0 0 0 0 0 0 0 0 0 0 0 0 0 0 0 0 0 0 0 0 0 
0 0 0 0 0 0 0 0 0 0 0 0 0 0 0 0 0 0 0 0 0 0 0 0 0 0 0 0 0 0 0 0 0 0 0 0 0 0 0 0 0 0 0 0 0 0 
0 
1 
2 3 0 
2 4 4 0 
9 10 10 11 0 
14 14 14 14 15 0 
17 23 26 21 21 25 0 
48 49 46 44 49 51 45 0 
97 76 82 97 78 79 89 85 0 
131 140 146 132 122 143 142 138 136 0 
197 221 195 220 247 221 188 220 192 234 0 
347 393 352 269 276 304 297 327 333 346 334 0 
403 434 498 491 490 587 525 584 624 593 622 422 0 
670 673 715 777 804 791 869 911 466 462 553 534 619 0 
1009 1047 1126 1171 1214 491 488 612 651 693 744 822 898 936 0 
1414 1648 512 482 656 610 793 762 999 872 1138 1128 1284 1257 1482 0 
490 568 656 753 825 951 957 1186 1188 1414 1407 1623 1725 1799 1920 428 0 
720 757 1015 977 1255 1241 1526 1516 1976 1754 2288 2199 2609 392 347 521 576 0 
965 1128 1295 1428 1648 1824 1964 2306 2438 2731 2871 221 289 392 535 525 683 821 0 
1372 1450 1860 1891 2325 2388 2877 2957 3631 132 161 242 297 434 536 755 688 978 1110 0 
1804 2056 2417 2620 3108 3398 3697 65 91 132 175 242 334 452 576 755 1006 987 1302 1532 0 
2481 2672 3370 3495 4256 35 41 77 92 144 176 273 335 486 597 822 1007 1383 1312 1794 2032 0 
3247 3670 4373 15 19 35 48 78 101 145 200 274 360 487 659 859 1072 1384 1832 1811 2340 2737 0 
4405 7 8 17 19 41 49 86 102 164 200 295 361 538 661 913 1119 1490 1834 2467 2363 3200 3629 0 
0 7 9 17 23 41 53 86 115 164 214 295 398 538 701 913 1215 1558 1947 2469 3222 3232 4171 0 0 
0 8 9 20 23 45 55 98 117 178 216 326 400 573 703 993 1217 1655 2029 2651 3227 4283 0 0 0 0 
0 8 11 20 25 45 62 98 125 178 239 326 425 573 764 993 1300 1655 2190 2771 3422 0 0 0 0 0 0 
0 10 11 22 25 51 63 106 126 197 240 347 425 624 765 1063 1301 1799 2191 2928 0 0 0 0 0 0 0 0 
0 10 12 22 29 51 68 107 139 198 255 348 463 625 818 1064 1404 1800 2330 0 0 0 0 0 0 0 0 0 0 
0 11 12 25 29 55 69 120 141 212 257 380 466 670 821 1149 1406 1901 0 0 0 0 0 0 0 0 0 0 0 0 
0 11 14 25 31 55 76 120 149 212 280 380 498 670 887 1149 1485 0 0 0 0 0 0 0 0 0 0 0 0 0 0 
0 13 14 27 31 61 78 129 151 231 282 409 500 725 888 1214 0 0 0 0 0 0 0 0 0 0 0 0 0 0 0 0 
0 13 15 27 35 61 82 129 164 231 301 409 540 725 937 0 0 0 0 0 0 0 0 0 0 0 0 0 0 0 0 0 0 
0 14 15 30 35 65 84 141 166 250 303 443 542 766 0 0 0 0 0 0 0 0 0 0 0 0 0 0 0 0 0 0 0 0 
0 14 17 30 37 65 92 142 178 251 327 444 573 0 0 0 0 0 0 0 0 0 0 0 0 0 0 0 0 0 0 0 0 0 0 
0 16 17 32 37 71 93 153 179 271 328 468 0 0 0 0 0 0 0 0 0 0 0 0 0 0 0 0 0 0 0 0 0 0 0 0 
0 16 18 32 41 71 99 154 194 272 346 0 0 0 0 0 0 0 0 0 0 0 0 0 0 0 0 0 0 0 0 0 0 0 0 0 0 
0 17 18 35 41 77 102 167 196 289 0 0 0 0 0 0 0 0 0 0 0 0 0 0 0 0 0 0 0 0 0 0 0 0 0 0 0 0 
0 17 20 35 44 77 109 167 204 0 0 0 0 0 0 0 0 0 0 0 0 0 0 0 0 0 0 0 0 0 0 0 0 0 0 0 0 0 0 
0 19 20 38 44 84 110 176 0 0 0 0 0 0 0 0 0 0 0 0 0 0 0 0 0 0 0 0 0 0 0 0 0 0 0 0 0 0 0 0 
0 19 22 38 48 84 115 0 0 0 0 0 0 0 0 0 0 0 0 0 0 0 0 0 0 0 0 0 0 0 0 0 0 0 0 0 0 0 0 0 0 
0 21 22 41 48 88 0 0 0 0 0 0 0 0 0 0 0 0 0 0 0 0 0 0 0 0 0 0 0 0 0 0 0 0 0 0 0 0 0 0 0 0 
0 21 24 41 51 0 0 0 0 0 0 0 0 0 0 0 0 0 0 0 0 0 0 0 0 0 0 0 0 0 0 0 0 0 0 0 0 0 0 0 0 0 0 
0 23 24 43 0 0 0 0 0 0 0 0 0 0 0 0 0 0 0 0 0 0 0 0 0 0 0 0 0 0 0 0 0 0 0 0 0 0 0 0 0 0 0 0 
0 23 25 0 0 0 0 0 0 0 0 0 0 0 0 0 0 0 0 0 0 0 0 0 0 0 0 0 0 0 0 0 0 0 0 0 0 0 0 0 0 0 0 0 0 
0 24 0 0 0 0 0 0 0 0 0 0 0 0 0 0 0 0 0 0 0 0 0 0 0 0 0 0 0 0 0 0 0 0 0 0 0 0 0 0 0 0 0 0 0 0 
0 0 0 0 0 0 0 0 0 0 0 0 0 0 0 0 0 0 0 0 0 0 0 0 0 0 0 0 0 0 0 0 0 0 0 0 0 0 0 0 0 0 0 0 0 0 0 
0 
1 
2 3 0 
2 4 4 0 
9 10 10 11 0 
14 14 14 14 15 0 
17 23 26 21 21 25 0 
48 49 46 44 49 51 45 0 
97 76 82 97 78 79 89 85 0 
131 140 151 132 122 143 142 138 136 0 
197 221 195 220 247 221 188 241 192 234 0 
347 393 352 353 276 304 297 327 333 346 334 0 
403 434 498 491 490 587 525 584 624 593 622 697 0 
670 673 715 777 804 791 869 911 892 462 553 534 619 0 
1009 1047 1126 1171 1214 1301 488 612 651 693 744 822 898 936 0 
1414 1648 1660 482 656 610 793 762 999 872 1138 1128 1284 1257 1482 0 
490 568 656 753 825 951 957 1186 1188 1414 1407 1623 1725 1799 1920 2146 0 
720 757 1015 977 1255 1241 1526 1516 1976 1754 2288 2199 2609 2601 347 521 576 0 
965 1128 1295 1428 1648 1824 1964 2306 2438 2731 2871 3319 289 392 535 525 683 821 0 
1372 1450 1860 1891 2325 2388 2877 2957 3631 3462 161 242 297 434 536 755 688 978 1110 0 
1804 2056 2417 2620 3108 3398 3697 4225 91 132 175 242 334 452 576 755 1006 987 1302 1532 0 
2481 2672 3370 3495 4256 4429 41 77 92 144 176 273 335 486 597 822 1007 1383 1312 1794 2032 0 
3247 3670 4373 4694 19 35 48 78 101 145 200 274 360 487 659 859 1072 1384 1832 1811 2340 2737 0 
4405 4795 8 17 19 41 49 86 102 164 200 295 361 538 661 913 1119 1490 1834 2467 2363 3200 3629 0 
0 7 9 17 23 41 53 86 115 164 214 295 398 538 701 913 1215 1558 1947 2469 3222 3232 4171 4831 0 
0 8 9 20 23 45 55 98 117 178 216 326 400 573 703 993 1217 1655 2029 2651 3227 4283 4210 0 0 0 
0 8 11 20 25 45 62 98 125 178 239 326 425 573 764 993 1300 1655 2190 2771 3422 4286 0 0 0 0 0 
0 10 11 22 25 51 63 106 126 197 240 347 425 624 765 1063 1301 1799 2191 2928 3564 0 0 0 0 0 0 0 
0 10 12 22 29 51 68 107 139 198 255 348 463 625 818 1064 1404 1800 2330 2929 0 0 0 0 0 0 0 0 0 
0 11 12 25 29 55 69 120 141 212 257 380 466 670 821 1149 1406 1901 2333 0 0 0 0 0 0 0 0 0 0 0 
0 11 14 25 31 55 76 120 149 212 280 380 498 670 887 1149 1485 1901 0 0 0 0 0 0 0 0 0 0 0 0 0 
0 13 14 27 31 61 78 129 151 231 282 409 500 725 888 1214 1487 0 0 0 0 0 0 0 0 0 0 0 0 0 0 0 
0 13 15 27 35 61 82 129 164 231 301 409 540 725 937 1214 0 0 0 0 0 0 0 0 0 0 0 0 0 0 0 0 0 
0 14 15 30 35 65 84 141 166 250 303 443 542 766 939 0 0 0 0 0 0 0 0 0 0 0 0 0 0 0 0 0 0 0 
0 14 17 30 37 65 92 142 178 251 327 444 573 767 0 0 0 0 0 0 0 0 0 0 0 0 0 0 0 0 0 0 0 0 0 
0 16 17 32 37 71 93 153 179 271 328 468 575 0 0 0 0 0 0 0 0 0 0 0 0 0 0 0 0 0 0 0 0 0 0 0 
0 16 18 32 41 71 99 154 194 272 346 469 0 0 0 0 0 0 0 0 0 0 0 0 0 0 0 0 0 0 0 0 0 0 0 0 0 
0 17 18 35 41 77 102 167 196 289 349 0 0 0 0 0 0 0 0 0 0 0 0 0 0 0 0 0 0 0 0 0 0 0 0 0 0 0 
0 17 20 35 44 77 109 167 204 289 0 0 0 0 0 0 0 0 0 0 0 0 0 0 0 0 0 0 0 0 0 0 0 0 0 0 0 0 0 
0 19 20 38 44 84 110 176 205 0 0 0 0 0 0 0 0 0 0 0 0 0 0 0 0 0 0 0 0 0 0 0 0 0 0 0 0 0 0 0 
0 19 22 38 48 84 115 177 0 0 0 0 0 0 0 0 0 0 0 0 0 0 0 0 0 0 0 0 0 0 0 0 0 0 0 0 0 0 0 0 0 
0 21 22 41 48 88 118 0 0 0 0 0 0 0 0 0 0 0 0 0 0 0 0 0 0 0 0 0 0 0 0 0 0 0 0 0 0 0 0 0 0 0 
0 21 24 41 51 88 0 0 0 0 0 0 0 0 0 0 0 0 0 0 0 0 0 0 0 0 0 0 0 0 0 0 0 0 0 0 0 0 0 0 0 0 0 
0 23 24 43 51 0 0 0 0 0 0 0 0 0 0 0 0 0 0 0 0 0 0 0 0 0 0 0 0 0 0 0 0 0 0 0 0 0 0 0 0 0 0 0 
0 23 25 43 0 0 0 0 0 0 0 0 0 0 0 0 0 0 0 0 0 0 0 0 0 0 0 0 0 0 0 0 0 0 0 0 0 0 0 0 0 0 0 0 0 
0 24 25 0 0 0 0 0 0 0 0 0 0 0 0 0 0 0 0 0 0 0 0 0 0 0 0 0 0 0 0 0 0 0 0 0 0 0 0 0 0 0 0 0 0 0 
0 24 0 0 0 0 0 0 0 0 0 0 0 0 0 0 0 0 0 0 0 0 0 0 0 0 0 0 0 0 0 0 0 0 0 0 0 0 0 0 0 0 0 0 0 0 0 
0 0 0 0 0 0 0 0 0 0 0 0 0 0 0 0 0 0 0 0 0 0 0 0 0 0 0 0 0 0 0 0 0 0 0 0 0 0 0 0 0 0 0 0 0 0 0 0 
0 
1 
2 3 0 
2 4 4 0 
9 10 10 11 0 
14 14 14 14 15 0 
17 23 26 21 21 25 0 
48 49 46 44 49 51 45 0 
97 76 82 97 78 79 89 85 0 
131 140 151 135 122 143 142 138 136 0 
197 221 195 220 247 221 188 241 206 234 0 
347 393 352 353 354 304 297 327 333 346 334 0 
639 434 498 491 490 587 525 584 624 593 622 697 0 
670 673 715 777 804 791 869 911 892 965 553 534 619 0 
1009 1047 1126 1171 1214 1301 1290 612 651 693 744 822 898 936 0 
1414 1648 1660 1761 656 610 793 762 999 872 1138 1128 1284 1257 1482 0 
2189 568 656 753 825 951 957 1186 1188 1414 1407 1623 1725 1799 1920 2146 0 
720 757 1015 977 1255 1241 1526 1516 1976 1754 2288 2199 2609 2601 3062 521 576 0 
965 1128 1295 1428 1648 1824 1964 2306 2438 2731 2871 3319 3443 392 535 525 683 821 0 
1372 1450 1860 1891 2325 2388 2877 2957 3631 3462 4340 242 297 434 536 755 688 978 1110 0 
1804 2056 2417 2620 3108 3398 3697 4225 4697 132 175 242 334 452 576 755 1006 987 1302 1532 0 
2481 2672 3370 3495 4256 4429 5194 77 92 144 176 273 335 486 597 822 1007 1383 1312 1794 2032 0 
3247 3670 4373 4694 5565 35 48 78 101 145 200 274 360 487 659 859 1072 1384 1832 1811 2340 2737 0 
4405 4795 5936 17 19 41 49 86 102 164 200 295 361 538 661 913 1119 1490 1834 2467 2363 3200 3629 0 
5751 7 9 17 23 41 53 86 115 164 214 295 398 538 701 913 1215 1558 1947 2469 3222 3232 4171 4831 0 
0 8 9 20 23 45 55 98 117 178 216 326 400 573 703 993 1217 1655 2029 2651 3227 4283 4210 5569 0 0 
0 8 11 20 25 45 62 98 125 178 239 326 425 573 764 993 1300 1655 2190 2771 3422 4286 5556 0 0 0 0 
0 10 11 22 25 51 63 106 126 197 240 347 425 624 765 1063 1301 1799 2191 2928 3564 4582 0 0 0 0 0 0 
0 10 12 22 29 51 68 107 139 198 255 348 463 625 818 1064 1404 1800 2330 2929 3822 0 0 0 0 0 0 0 0 
0 11 12 25 29 55 69 120 141 212 257 380 466 670 821 1149 1406 1901 2333 3179 0 0 0 0 0 0 0 0 0 0 
0 11 14 25 31 55 76 120 149 212 280 380 498 670 887 1149 1485 1901 2517 0 0 0 0 0 0 0 0 0 0 0 0 
0 13 14 27 31 61 78 129 151 231 282 409 500 725 888 1214 1487 2054 0 0 0 0 0 0 0 0 0 0 0 0 0 0 
0 13 15 27 35 61 82 129 164 231 301 409 540 725 937 1214 1606 0 0 0 0 0 0 0 0 0 0 0 0 0 0 0 0 
0 14 15 30 35 65 84 141 166 250 303 443 542 766 939 1312 0 0 0 0 0 0 0 0 0 0 0 0 0 0 0 0 0 0 
0 14 17 30 37 65 92 142 178 251 327 444 573 767 1015 0 0 0 0 0 0 0 0 0 0 0 0 0 0 0 0 0 0 0 0 
0 16 17 32 37 71 93 153 179 271 328 468 575 831 0 0 0 0 0 0 0 0 0 0 0 0 0 0 0 0 0 0 0 0 0 0 
0 16 18 32 41 71 99 154 194 272 346 469 622 0 0 0 0 0 0 0 0 0 0 0 0 0 0 0 0 0 0 0 0 0 0 0 0 
0 17 18 35 41 77 102 167 196 289 349 509 0 0 0 0 0 0 0 0 0 0 0 0 0 0 0 0 0 0 0 0 0 0 0 0 0 0 
0 17 20 35 44 77 109 167 204 289 378 0 0 0 0 0 0 0 0 0 0 0 0 0 0 0 0 0 0 0 0 0 0 0 0 0 0 0 0 
0 19 20 38 44 84 110 176 205 312 0 0 0 0 0 0 0 0 0 0 0 0 0 0 0 0 0 0 0 0 0 0 0 0 0 0 0 0 0 0 
0 19 22 38 48 84 115 177 222 0 0 0 0 0 0 0 0 0 0 0 0 0 0 0 0 0 0 0 0 0 0 0 0 0 0 0 0 0 0 0 0 
0 21 22 41 48 88 118 194 0 0 0 0 0 0 0 0 0 0 0 0 0 0 0 0 0 0 0 0 0 0 0 0 0 0 0 0 0 0 0 0 0 0 
0 21 24 41 51 88 127 0 0 0 0 0 0 0 0 0 0 0 0 0 0 0 0 0 0 0 0 0 0 0 0 0 0 0 0 0 0 0 0 0 0 0 0 
0 23 24 43 51 96 0 0 0 0 0 0 0 0 0 0 0 0 0 0 0 0 0 0 0 0 0 0 0 0 0 0 0 0 0 0 0 0 0 0 0 0 0 0 
0 23 25 43 56 0 0 0 0 0 0 0 0 0 0 0 0 0 0 0 0 0 0 0 0 0 0 0 0 0 0 0 0 0 0 0 0 0 0 0 0 0 0 0 0 
0 24 25 47 0 0 0 0 0 0 0 0 0 0 0 0 0 0 0 0 0 0 0 0 0 0 0 0 0 0 0 0 0 0 0 0 0 0 0 0 0 0 0 0 0 0 
0 24 28 0 0 0 0 0 0 0 0 0 0 0 0 0 0 0 0 0 0 0 0 0 0 0 0 0 0 0 0 0 0 0 0 0 0 0 0 0 0 0 0 0 0 0 0 
0 27 0 0 0 0 0 0 0 0 0 0 0 0 0 0 0 0 0 0 0 0 0 0 0 0 0 0 0 0 0 0 0 0 0 0 0 0 0 0 0 0 0 0 0 0 0 0 
0 0 0 0 0 0 0 0 0 0 0 0 0 0 0 0 0 0 0 0 0 0 0 0 0 0 0 0 0 0 0 0 0 0 0 0 0 0 0 0 0 0 0 0 0 0 0 0 0 
0 
1 
2 3 0 
2 4 4 0 
9 10 10 11 0 
14 14 14 14 15 0 
17 23 26 21 21 25 0 
48 49 46 44 49 51 45 0 
97 76 82 97 78 79 89 85 0 
131 140 151 135 128 143 142 138 136 0 
197 221 195 220 247 221 188 241 206 250 0 
347 393 352 353 354 360 297 327 333 346 334 0 
639 617 498 491 490 587 525 584 624 593 622 697 0 
670 673 715 777 804 791 869 911 892 965 969 534 619 0 
1009 1047 1126 1171 1214 1301 1290 1366 651 693 744 822 898 936 0 
1414 1648 1660 1761 1749 610 793 762 999 872 1138 1128 1284 1257 1482 0 
2189 2332 656 753 825 951 957 1186 1188 1414 1407 1623 1725 1799 1920 2146 0 
720 757 1015 977 1255 1241 1526 1516 1976 1754 2288 2199 2609 2601 3062 2928 576 0 
965 1128 1295 1428 1648 1824 1964 2306 2438 2731 2871 3319 3443 3828 535 525 683 821 0 
1372 1450 1860 1891 2325 2388 2877 2957 3631 3462 4340 4207 297 434 536 755 688 978 1110 0 
1804 2056 2417 2620 3108 3398 3697 4225 4697 5066 175 242 334 452 576 755 1006 987 1302 1532 0 
2481 2672 3370 3495 4256 4429 5194 5517 92 144 176 273 335 486 597 822 1007 1383 1312 1794 2032 0 
3247 3670 4373 4694 5565 6016 48 78 101 145 200 274 360 487 659 859 1072 1384 1832 1811 2340 2737 0 
4405 4795 5936 6221 19 41 49 86 102 164 200 295 361 538 661 913 1119 1490 1834 2467 2363 3200 3629 0 
5751 6442 9 17 23 41 53 86 115 164 214 295 398 538 701 913 1215 1558 1947 2469 3222 3232 4171 4831 0 
0 8 9 20 23 45 55 98 117 178 216 326 400 573 703 993 1217 1655 2029 2651 3227 4283 4210 5569 6314 0 
0 8 11 20 25 45 62 98 125 178 239 326 425 573 764 993 1300 1655 2190 2771 3422 4286 5556 5621 0 0 0 
0 10 11 22 25 51 63 106 126 197 240 347 425 624 765 1063 1301 1799 2191 2928 3564 4582 5565 0 0 0 0 0 
0 10 12 22 29 51 68 107 139 198 255 348 463 625 818 1064 1404 1800 2330 2929 3822 4775 0 0 0 0 0 0 0 
0 11 12 25 29 55 69 120 141 212 257 380 466 670 821 1149 1406 1901 2333 3179 3825 0 0 0 0 0 0 0 0 0 
0 11 14 25 31 55 76 120 149 212 280 380 498 670 887 1149 1485 1901 2517 3180 0 0 0 0 0 0 0 0 0 0 0 
0 13 14 27 31 61 78 129 151 231 282 409 500 725 888 1214 1487 2054 2519 0 0 0 0 0 0 0 0 0 0 0 0 0 
0 13 15 27 35 61 82 129 164 231 301 409 540 725 937 1214 1606 2054 0 0 0 0 0 0 0 0 0 0 0 0 0 0 0 
0 14 15 30 35 65 84 141 166 250 303 443 542 766 939 1312 1608 0 0 0 0 0 0 0 0 0 0 0 0 0 0 0 0 0 
0 14 17 30 37 65 92 142 178 251 327 444 573 767 1015 1313 0 0 0 0 0 0 0 0 0 0 0 0 0 0 0 0 0 0 0 
0 16 17 32 37 71 93 153 179 271 328 468 575 831 1017 0 0 0 0 0 0 0 0 0 0 0 0 0 0 0 0 0 0 0 0 0 
0 16 18 32 41 71 99 154 194 272 346 469 622 832 0 0 0 0 0 0 0 0 0 0 0 0 0 0 0 0 0 0 0 0 0 0 0 
0 17 18 35 41 77 102 167 196 289 349 509 625 0 0 0 0 0 0 0 0 0 0 0 0 0 0 0 0 0 0 0 0 0 0 0 0 0 
0 17 20 35 44 77 109 167 204 289 378 509 0 0 0 0 0 0 0 0 0 0 0 0 0 0 0 0 0 0 0 0 0 0 0 0 0 0 0 
0 19 20 38 44 84 110 176 205 312 379 0 0 0 0 0 0 0 0 0 0 0 0 0 0 0 0 0 0 0 0 0 0 0 0 0 0 0 0 0 
0 19 22 38 48 84 115 177 222 313 0 0 0 0 0 0 0 0 0 0 0 0 0 0 0 0 0 0 0 0 0 0 0 0 0 0 0 0 0 0 0 
0 21 22 41 48 88 118 194 225 0 0 0 0 0 0 0 0 0 0 0 0 0 0 0 0 0 0 0 0 0 0 0 0 0 0 0 0 0 0 0 0 0 
0 21 24 41 51 88 127 194 0 0 0 0 0 0 0 0 0 0 0 0 0 0 0 0 0 0 0 0 0 0 0 0 0 0 0 0 0 0 0 0 0 0 0 
0 23 24 43 51 96 129 0 0 0 0 0 0 0 0 0 0 0 0 0 0 0 0 0 0 0 0 0 0 0 0 0 0 0 0 0 0 0 0 0 0 0 0 0 
0 23 25 43 56 96 0 0 0 0 0 0 0 0 0 0 0 0 0 0 0 0 0 0 0 0 0 0 0 0 0 0 0 0 0 0 0 0 0 0 0 0 0 0 0 
0 24 25 47 56 0 0 0 0 0 0 0 0 0 0 0 0 0 0 0 0 0 0 0 0 0 0 0 0 0 0 0 0 0 0 0 0 0 0 0 0 0 0 0 0 0 
0 24 28 47 0 0 0 0 0 0 0 0 0 0 0 0 0 0 0 0 0 0 0 0 0 0 0 0 0 0 0 0 0 0 0 0 0 0 0 0 0 0 0 0 0 0 0 
0 27 28 0 0 0 0 0 0 0 0 0 0 0 0 0 0 0 0 0 0 0 0 0 0 0 0 0 0 0 0 0 0 0 0 0 0 0 0 0 0 0 0 0 0 0 0 0 
0 27 0 0 0 0 0 0 0 0 0 0 0 0 0 0 0 0 0 0 0 0 0 0 0 0 0 0 0 0 0 0 0 0 0 0 0 0 0 0 0 0 0 0 0 0 0 0 0 
0 0 0 0 0 0 0 0 0 0 0 0 0 0 0 0 0 0 0 0 0 0 0 0 0 0 0 0 0 0 0 0 0 0 0 0 0 0 0 0 0 0 0 0 0 0 0 0 0 0 
