0 1
1 1
2 2
3 2
4 4
5 5
6 7
7 10
8 13
9 15
10 21
11 28
12 31
13 45
14 55
15 62
16 82
17 105
18 116
19 153
20 172
21 208
22 251
23 312
24 341
25 431
26 492
27 588
28 676
29 826
30 905
31 1120
32 1249
33 1475
34 1676
35 2003
36 2187
37 2625
38 2922
39 3409
40 3810
41 4481
42 4910
43 5792
44 6382
45 7407
46 8186
47 9527
48 10434
49 12104
50 13308
51 15293
52 16825
53 19332
54 21193
55 24281
56 26590
57 30264
58 33167
59 37746
60 41304
61 46723
62 51105
63 57824
64 63089
65 71116
66 77661
67 87174
68 95162
69 106767
70 116276
71 130086
72 141975
73 158109
74 172158
75 192196
76 208750
77 231985
78 252703
79 279917
80 304481
81 337512
82 365938
83 404723
84 440290
85 484899
86 526012
87 580656
88 628704
89 691427
90 750854
91 823135
92 891834
93 979467
94 1058435
95 1159767
96 1256880
97 1371965
98 1483751
99 1623375
100 1752443
101 1911046
102 2067456
103 2249444
104 2429337
105 2647532
106 2852449
107 3101167
108 3350292
109 3632299
110 3916575
111 4254015
112 4578913
113 4961281
114 5350317
115 5786186
116 6229771
117 6744992
118 7249767
119 7834973
120 8438264
121 9099153
122 9782250
123 10564186
124 11342088
125 12225064
126 13143216
127 14142579
128 15185699
129 16355999
130 17537617
131 18859435
132 20249551
133 21740304
134 23309862
135 25052839
136 26830676
137 28789722
138 30864369
139 33075342
140 35421402
141 37984022
142 40629214
143 43513946
144 46590045
145 49835545
146 53295668
147 57045908
148 60952531
149 65159723
150 69668751
151 74401163
152 79476261
153 84912875
154 90619911
155 96721671
156 103287973
157 110130121
158 117497296
159 125334380
160 133622042
161 142393866
162 151868166
163 161705680
164 172335955
165 183548697
166 195467141
167 208011607
168 221601927
169 235641300
170 250847732
171 266797381
172 283843814
173 301654570
174 320989996
175 340913983
176 362541686
177 385082756
178 409262515
179 434418643
180 461778184
181 489866305
182 520392683
183 552079521
184 586194919
185 621502624
186 659937596
187 699321044
188 742181954
189 786463956
190 834255416
191 883555471
192 937267251
193 992173017
194 1051948501
195 1113519332
196 1180126172
197 1248576566
198 1323165871
199 1399318823
200 1482270957
201 1567435521
202 1659678555
203 1754248355
204 1857336621
205 1962414004
206 2076850407
207 2194072607
208 2321208607
209 2451231508
210 2592891255
211 2737192203
212 2894320440
213 3054910670
214 3229181482
215 3407102533
216 3600920587
217 3798138044
218 4012753123
219 4231776835
220 4469573493
221 4711985790
222 4975800649
223 5244141186
224 5536011355
225 5833446461
226 6156363497
227 6485152020
228 6842757583
229 7206338990
230 7601390509
231 8003621810
232 8440255173
233 8884410449
234 9366957023
235 9857479220
236 10390079693
237 10931848047
238 11519618594
239 12117163210
240 12765729427
241 13425002589
242 14139888851
243 14866704845
244 15654865741
245 16455709018
246 17323894915
247 18206361345
248 19162301209
249 20133836524
250 21186368654
251 22255630035
252 23413391563
253 24590375112
254 25863657538
255 27157363736
256 28557916275
257 29980415516
258 31518521838
259 33082462559
260 34772331361
261 36489309069
262 38345824594
263 40231419904
264 42267733469
265 44338792122
266 46573550848
267 48844035616
268 51296555759
269 53787805828
270 56474171182
271 59207337566
272 62152596011
273 65145449003
274 68374138005
275 71654266841
276 75186817149
277 78782126087
278 82650818863
279 86582791946
280 90819450417
281 95125166564
282 99755056896
283 104469008712
284 109534680015
285 114684788687
286 120226625324
287 125860184790
288 131909730528
289 138072023455
290 144684256923
291 151409122264
292 158635914685
293 165985533368
294 173866081523
295 181896839384
296 190502591918
297 199258459499
298 208654515323
299 218214161780
300 228450132468
301 238886873736
302 250054289424
303 261421189189
304 273602929772
305 286002865649
306 299261014944
307 312785051774
308 327236350732
309 341953298978
310 357702466118
311 373741615603
312 390866962134
313 408345191419
314 426995222970
315 445996749126
316 466303861629
317 486995844122
318 509057737739
319 531584882279
320 555590087871
321 580061457660
322 606176667244
323 632800307198
324 661148541551
325 690109829232
326 720929273785
327 752362421550
328 785861882202
329 820032808772
330 856367089563
331 893505180557
332 932974327023
333 973251787878
334 1016117420564
335 1059864741504
336 1106321649251
337 1153830594036
338 1204254772572
339 1255737778694
340 1310456344477
341 1366332301606
342 1425590792679
343 1486219133035
344 1550487103296
345 1616140458601
346 1685826947551
347 1757023692803
348 1832436289827
349 1909630294234
350 1991354959336
351 2074883670289
352 2163429792027
353 2253944402366
354 2349698790863
355 2447758614720
356 2551449289557
357 2657485099480
358 2769745998371
359 2884559965889
360 3005875826937
361 3130170084566
362 3261444850084
363 3395753881732
364 3537772684228
365 3683097037902
366 3836469501420
367 3993673806819
368 4159516599395
369 4329278324570
370 4508565901992
371 4692113934529
372 4885608683026
373 5084022842150
374 5293103607420
375 5507224316064
376 5733094553259
377 5964446261482
378 6208063062312
379 6457971050222
380 6721029131609
381 6990555023173
382 7274543535740
383 7565554524028
384 7871665923014
385 8185807128084
386 8516125822850
387 8854715520640
388 9211076581173
389 9576414686942
390 9960308958046
391 10354413887773
392 10768393301685
393 11192922947428
394 11639248496782
395 12097009929995
396 12577535626851
397 13071023045341
398 13588878870627
399 14120145976016
400 14678104663727
401 15250594069993
402 15850968802464
403 16467739212256
404 17114343867415
405 17777960310607
406 18474202653142
407 19188856253478
408 19937610272446
409 20707061191920
410 21512980271094
411 22340403967845
412 23207658190803
413 24098177962752
414 25030335001617
415 25988544761734
416 26991259939139
417 28021108499306
418 29099499600709
419 30207205055458
420 31365679647039
421 32556869122455
422 33802307171692
423 35081871490402
424 36420511224176
425 37796006046691
426 39233306527839
427 40711597424928
428 42255905533271
429 43843038722757
430 45501973060768
431 47207101834491
432 48987388949023
433 50818908129487
434 52730662431804
435 54696022041129
436 56748512690792
437 58858799744551
438 61060344050382
439 63325771382121
440 65688586609411
441 68118330144078
442 70653706224513
443 73261190414204
444 75979336025739
445 78776976025539
446 81692658854391
447 84691739975535
448 87818687188342
449 91035402516895
450 94386160017132
451 97835594272348
452 101427958179676
453 105123981932355
454 108974616938236
455 112936758662400
456 117061022106221
457 121307567966840
458 125726951995918
459 130274899715040
460 135009572015684
461 139882418241607
462 144951192623635
463 150171149219672
464 155599852452603
465 161187678160663
466 167000737395708
467 172984720826185
468 179205147001419
469 185612115322290
470 192270957480172
471 199126292431341
472 206253058424261
473 213590756226113
474 221213517690183
475 229066033690302
476 237222036228622
477 245620259808715
478 254345213656589
479 263329980201515
480 272658034409548
481 282268446864145
482 292244288373406
483 302518080164827
484 313184727002448
485 324170760655573
486 335569752459209
487 347315247528261
488 359500163053252
489 372050860369759
490 385073528287008
491 398488027340602
492 412398846972096
493 426733987212084
494 441597072729282
495 456908448135995
496 472786123885576
497 489143704939202
498 506097184174830
499 523569441563756
500 541675325667328
501 560329445596724
502 579662655673247
503 599582531634653
504 620217094197502
505 641484786562528
506 663512198980723
507 686209157979683
508 709719461956859
509 733945612800186
510 759028267798556
511 784882283013871
512 811646428468151
513 839226596289847
514 867780191530731
515 897205918548717
516 927656874543060
517 959046168459792
518 991524764380914
519 1024996400458974
520 1059631910908579
521 1095327865715223
522 1132250326267482
523 1170312401230343
524 1209676916593138
525 1250247770678352
526 1292209014771434
527 1335458047758544
528 1380172681426477
529 1426269057569053
530 1473921618449812
531 1523037298314293
532 1573812652148309
533 1626148922921756
534 1680235266676637
535 1735994690834286
536 1793611395465172
537 1852999964646149
538 1914368025348916
539 1977625457329636
540 2042970671882002
541 2110338147147361
542 2179921077460510
543 2251646528771458
544 2325730747660626
545 2402098168886911
546 2480954213599660
547 2562251842152576
548 2646189324774350
549 2732713327429703
550 2822046250621601
551 2914134323252062
552 3009186498886604
553 3107181523086240
554 3208320021271831
555 3312577070820975
556 3420175719298228
557 3531094236166712
558 3645540408203466
559 3763529304933492
560 3885257998043630
561 4010740405235860
562 4140196121381861
563 4273646719225947
564 4411291921184335
565 4553195654281483
566 4699545263208191
567 4850408158695340
568 5005990897437863
569 5166373517995282
570 5331740621092917
571 5502220188773278
572 5677980997898157
573 5859159677572134
574 6045941572483006
575 6238483789705718
576 6436943367567461
577 6641532454907495
578 6852390497378127
579 7069744746622657
580 7293745424124615
581 7524648334064021
582 7762572429874154
583 8007836498325583
584 8260535662625053
585 8521012901724805
586 8789368542991537
587 9065986204075778
588 9350926981142634
589 9644645174594531
590 9947176100392198
591 10259008741325650
592 10580173464805421
593 10911213283612574
594 11252113535782305
595 11603498950994437
596 11965320552652432
597 12338251722804179
598 12722229425989260
599 13117997505445603
600 13525437796245221
601 13945385787515260
602 14377685961723697
603 14823239780027632
604 15281859326703238
605 15754537314025620
606 16241022789797185
607 16742414451611137
608 17258413315232982
609 17790202965889210
610 18337437676756576
611 18901416673883168
612 19481717365012289
613 20079758953120992
614 20695064071438117
615 21329163584191816
616 21981505589396874
617 22653766846010549
618 23345308956696902
619 24057944915280552
620 24790968001100672
621 25546330991053502
622 26323229612983615
623 27123799356866799
624 27947128196413834
625 28795507045613382
626 29667946010077789
627 30566914658217275
628 31491286134559909
629 32443753084719951
630 33423068849655088
631 34432102892713454
632 35469512004588191
633 36538386819256952
634 37637208983605550
635 38769345860609218
636 39933130864364619
637 41132132956688754
638 42364577484166033
639 43634306713584816
640 44939315200920738
641 46283779304123958
642 47665528637453119
643 49088971073945909
644 50551799235413023
645 52058756349735442
646 53607248291393992
647 55202427404916402
648 56841498903815003
649 58529875112342050
650 60264609411217241
651 62051523264145592
652 63887304348691862
653 65778265547760816
654 67720866896973574
655 69721722221543956
656 71777100875637380
657 73894112643842696
658 76068583322745143
659 78308213828464273
660 80608556511454087
661 82977650337291515
662 85410836071599457
663 87916754210373498
664 90490186864450874
665 93140481075993021
666 95862109250284525
667 98664809992906699
668 101542794912312539
669 104506519530308250
670 107549528847487428
671 110683121842244046
672 113900473124310227
673 117213325138364120
674 120614556869702728
675 124116775029629573
676 127712034033275952
677 131413941461205096
678 135214135640079068
679 139126732320831554
680 143143010961791189
681 147278109958342528
682 151522333793723718
683 155892011655510860
684 160376946153144151
685 164994044703341273
686 169732703226841345
687 174611052939163549
688 179617303431664704
689 184770983480447212
690 190059741847777409
691 195503770702292797
692 201090228029106323
693 206840749084891172
694 212741092936003531
695 218814550405105936
696 225046207310944596
697 231460110303409789
698 238040793009420646
699 244814009899906518
700 251762613656962700
701 258914292583855209
702 266251146916620204
703 273801737209764265
704 281547493459558344
705 289518982101219502
706 297695663958637338
707 306110384346851414
708 314741710222800790
709 323623472669608106
710 332733487244824609
711 342107946507714218
712 351722320570807495
713 361615456919306854
714 371761818240727901
715 382201394234421580
716 392907740692626228
717 403923607208574578
718 415219823365637454
719 426842243429877758
720 438760508269970549
721 451021764094144198
722 463594635579172389
723 476529507374568696
724 489791771675240665
725 503435418904529978
726 517424502179153195
727 531814509718662158
728 546568280722783218
729 561745062842041591
730 577303958645258589
731 593308414803860262
732 609715961314256991
733 626591745828760231
734 643891927984543710
735 661686050341212843
736 679925872448255043
737 698685795225477449
738 717915813438369918
739 737692291141039237
740 757963597738240800
741 778811178932382748
742 800178340218486037
743 822152171160204429
744 844673901371411728
745 867832853825943401
746 891568424328148971
747 915975853070220924
748 940988614362324142
749 966708445031101387
750 993066495092574645
751 1020167078299285877
752 1047939180507543075
753 1076493941416227345
754 1105753547131264992
755 1135836660100791690
756 1166662742790145374
757 1198353392391841987
758 1230825637140133946
759 1264208981667221562
760 1298412548190146579
761 1333574473282695366
762 1369600831551380015
763 1406633153106135561
764 1444574643356261771
765 1483575925211544242
766 1523531157476159968
767 1564600928133659515
768 1606675845250051705
769 1649920351185574133
770 1694221829902671543
771 1739755222757441009
772 1786397445753866286
773 1834334848283287978
774 1883440366854792106
775 1933904807549472879
776 1985597322182348124
777 2038720755107604298
778 2093132328874549275
779 2149048005838755776
780 2206320389381077662
781 2265170504646631134
782 2325446706535709641
783 2387383883602643366
784 2450816637306314814
785 2515994835133508029
786 2582747902676586495
787 2651331560262366079
788 2721570277114705896
789 2793735614212691341
790 2867636414981802597
791 2943561414375686106
792 3021313473428612850
793 3101187982210871969
794 3182982232356252932
795 3267009803363557072
796 3353050043214201602
797 3441436092548143168
798 3531940609668043961
799 3624904417706324396
800 3720093699894031625
801 3817870006329672403
802 3917979197636447369
803 4020805199068130221
804 4126086157224128827
805 4234214727767010768
806 4344921788806424830
807 4458623731868283195
808 4575028192855314486
809 4694576983226464519
810 4816969115802069312
811 4942656468462993426
812 5071329640724742262
813 5203467499910123871
814 5338734388385930504
815 5477638170140763074
816 5619833276789810350
817 5765839012759087908
818 5915300378957251920
819 6068767504322322621
820 6225855464013270397
821 6387147247721725484
822 6552246867548218640
823 6721750499624458110
824 6895251279465554218
825 7073380340840910437
826 7255697097254868625
827 7442870086281758570
828 7634446050109962153
829 7831108505782131742
830 8032392009796097608
831 8239019901339583881
832 8450488437370137365
833 8667563257533564063
834 8889726496916584160
835 9117761026098872819
836 9351134972184245980
837 9590676275969028547
838 9835810019635696982
839 10087412187654480705
840 10344891723935127192
841 10609144175719775600
842 10879562814471368278
843 11157094410814142962
844 11441083520067633060
845 11732531113677716299
846 12030763775863673623
847 12336804962009523836
848 12649963308914465216
849 12971320134399357247
850 13300129436082266872
851 13637533955202750145
852 13982767225084263823
853 14336997493016923136
854 14699438257081406639
855 15071323361103390400
856 15451804645896817502
857 15842185122013559460
858 16241593870868810815
859 16651363202408827338
860 17070599304243047941
861 17500708426085714138
862 17940727785145215082
863 18392141841758270724
864 18853962003437550110
865 19327705917372791954
866 19812359458650676753
867 20309523928674510483
868 20818107599147390182
869 21339799712617671402
870 21873479837735066926
871 22420875275466044635
872 22980836534171796551
873 23555185016837992208
874 24142684665433469550
875 24745256085111104174
876 25361630764634133958
877 25993772390061354564
878 26640380074266126429
879 27303523804261884745
880 27981805529771593281
881 28677406563044026255
882 29388892828194639968
883 30118494962933097992
884 30864742215365095472
885 31629984525324921970
886 32412643001545151079
887 33215192938346714169
888 34036014812798222595
889 34877639771672285350
890 35738407445783787482
891 36620983466611704991
892 37523586448253173253
893 38449022427674612586
894 39395465059690775004
895 40365784167013980751
896 41358107268158692696
897 42375454877365849018
898 43415820101203701289
899 44482381343859106335
900 45573081096948791758
901 46691169902087381621
902 47834538971032205723
903 49006608359920110445
904 50205119387152071595
905 51433668573136954332
906 52689941301147881249
907 53977616384175051878
908 55294321431876201016
909 56643924975703529554
910 58023888441809718123
911 59438278433647400337
912 60884493615889372766
913 62366693520316447329
914 63882212835552631064
915 65435424029000041120
916 67023476952556080771
917 68650965105219262197
918 70314969063842003612
919 72020188307544254166
920 73763631463297213040
921 75550235911752618173
922 77376805851670708790
923 79248526268219842008
924 81162124025157212181
925 83122903557802194738
926 85127512170837992426
927 87181520873076442808
928 89281350160927697932
929 91432847080834073898
930 93632346801218118951
931 95885832354997361068
932 98189549767395049052
933 100549779332928221280
934 102962517002434423858
935 105434351645167088390
936 107961184227221047648
937 110549756760351568488
938 113195871746265715130
939 115906603943602054172
940 118677479013219621260
941 121515915150111257151
942 124417333470570085899
943 127389326146405148067
944 130427204551408484292
945 133538931171596102882
946 136719512840241305335
947 139977295368978240032
948 143307169484554879854
949 146717676977712591397
950 150203587441960420313
951 153773856455614260256
952 157422917451156071081
953 161160151894039820190
954 164979865970515769536
955 168891663249523222776
956 172889715324122561141
957 176984085612536618629
958 181168576674235357065
959 185453726834824530681
960 189833197616275348486
961 194317777202616499375
962 198900978921852172474
963 203594103834673690858
964 208390259405742743433
965 213301273325903995338
966 218320098813781969434
967 223458846363683392196
968 228710304921037057264
969 234087154476814627906
970 239581739306849228732
971 245207325692596946645
972 250956087580791930368
973 256841608854663597073
974 262855883442192820639
975 269013129133206220648
976 275304852167045867265
977 281745919616494600162
978 288327651729113311291
979 295065274954768788965
980 301949910405377990674
981 308997487356504392208
982 316198594034005256428
983 323569881249605778514
984 331101733073221527273
985 338811203159991445371
986 346688457846867782476
987 354751331984527557036
988 362989409011523240176
989 371421322224479116172
990 380036432447365156547
991 388853828043741841495
992 397862629926100714082
993 407082791111362694725
994 416502797866289143327
995 426143488878371023714
996 435993106928017857513
997 446073000312643236477
998 456371149972587377485
999 466909864464827036507
1000 477676432307473421923
1001 488694140715914376531
1002 499950013616945151162
1003 511467912723921001413
1004 523234575205192121492
1005 535274923764367577989
1006 547574943784315122363
1007 560160642049043289130
1008 573017715427729076615
1009 586172814078879219161
1010 599611322432059201404
1011 613361067160828242446
1012 627406615236479378145
1013 641776989278301556385
1014 656456444572772364139
1015 671474727496748692299
1016 686815752493513398502
1017 702510564212824142424
1018 718542191901082761667
1019 734943003962005753787
1020 751695690852830921948
1021 768833430446732802055
1022 786338543181937055895
1023 804245644137781409288
1024 822536095447280515311
1025 841245970111329451009
1026 860356265618991891001
1027 879903964388314395208
1028 899869661590908129109
1029 920291924441092193190
1030 941150313330204422909
1031 962485006851918703217
1032 984275171112747645244
1033 1006562000192365114070
1034 1029324226101044824437
1035 1052604794295053434210
1036 1076381320659703252249
1037 1100698523197973392246
1038 1125533594847102379590
1039 1150932393955953219709
1040 1176871643155522786350
1041 1203399129422520222066
1042 1230490374636512158308
1043 1258195121702621093588
1044 1286488438916666515090
1045 1315421340416013573892
1046 1344968389137255121492
1047 1375182727806124850473
1048 1406037628995554934388
1049 1437588385504202460740
1050 1469807785226361558678
1051 1502752546361822404285
1052 1536394912339918654006
1053 1570793941763263514565
1054 1605920496734780881015
1055 1641836004522328773487
1056 1678510810724862294221
1057 1716007929994928198661
1058 1754297125168445927529
1059 1793443991941985697785
1060 1833416814785407100718
1061 1874283789762702687143
1062 1916012653013080323086
1063 1958673377267179111633
1064 2002233076114553106525
1065 2046764555866194061897
1066 2092233354581438403199
1067 2138715139755004748926
1068 2186174868895588654976
1069 2234690187515076947145
1070 2284225389862322744598
1071 2334861242117948229746
1072 2386560361153469028620
1073 2439406649564767390493
1074 2493362114206368435346
1075 2548512867640809678222
1076 2604820213186315590267
1077 2662373685355010615448
1078 2721132808347568327517
1079 2781190565076855312146
1080 2842505839077008397217
1081 2905174070765588914737
1082 2969153399490112254308
1083 3034543028619022054831
1084 3101299216451227288130
1085 3169524940930229937770
1086 3239175793590934481634
1087 3310357494617355506354
1088 3383024852072128042889
1089 3457287709404136628286
1090 3533098890779239408541
1091 3610572384287787656210
1092 3689660322233919666935
1093 3770479737718776657300
1094 3852981943536246820975
1095 3937288500183484644803
1096 4023348637533201574101
1097 4111288447612330049225
1098 4201056448305852254297
1099 4292782127291509338119
1100 4386413147936159789232
1101 4482083952722635488468
1102 4579740024487368589717
1103 4679520774195196282759
1104 4781370959739218441489
1105 4885433757453065420686
1106 4991653041265879914845
1107 5100177421475981942983
1108 5210948501115969286575
1109 5324120318849760011722
1110 5439633743547283321491
1111 5557647007227676322073
1112 5678100069925152717801
1113 5801157102381636333880
1114 5926755711407371330704
1115 6055066011143277110000
1116 6186024877588405636391
1117 6319807070066758723959
1118 6456348537432205005350
1119 6595830546799004893149
1120 6738186621440004879750
1121 6883604514308366663091
1122 7032017027622543290388
1123 7183617079619170698971
1124 7338336539971129041236
1125 7496375429808267205372
1126 7657663134779752308470
1127 7822406768935450297376
1128 7990535023806544362493
1129 8162260732321880914681
1130 8337511653928584084088
1131 8516508395478336657108
1132 8699176192320733939451
1133 8885743381204438421757
1134 9076134544365236194887
1135 9270584368608996222522
1136 9469016525273185227562
1137 9671674176631308533482
1138 9878478448715199367615
1139 10089680950551314520205
1140 10305202217095124818038
1141 10525300880394130517930
1142 10749896595601238359099
1143 10979257258384255726168
1144 11213299991280791611894
1145 11452301883559080071225
1146 11696179549264757696853
1147 11945217866775622314719
1148 12199332629368250727937
1149 12458818807095409063274
1150 12723589696900050244809
1151 12993950303152773081806
1152 13269813527935944201475
1153 13551492979725324958079
1154 13838900819022592966385
1155 14132361670300636979224
1156 14431785283867828584884
1157 14737507193954523251939
1158 15049436895742471188556
1159 15367919458517960845990
1160 15692863750342137081045
1161 16024626827749280826308
1162 16363115269938204971564
1163 16708698025410086896385
1164 17061281607208741623685
1165 17421245484716271663564
1166 17788495687376485189428
1167 18163424755224398164385
1168 18545936617690815123915
1169 18936436733943517223437
1170 19334829187171299053354
1171 19741531082236297641581
1172 20156446212588647342048
1173 20580005888529542476977
1174 21012112048360433709665
1175 21453210067565548922053
1176 21903202325925921874601
1177 22362547036427844652790
1178 22831146520741777650226
1179 23309474467837318072383
1180 23797431676688201315183
1181 24295507099839754971615
1182 24803602308860673323217
1183 25322220448146589523864
1184 25851263337859539457019
1185 26391250923036388827151
1186 26942083911537346655758
1187 27504298847788955094420
1188 28077797631709689042647
1189 28663132440974799211787
1190 29260205778144437060010
1191 29869588103818565970311
1192 30491181338010648511702
1193 31125573933931474579156
1194 31772669487957683940303
1195 32433073716315735332008
1196 33106691273424805643046
1197 33794147702597931105841
1198 34495347708241391315550
1199 35210936383852543286107
1200 35940820707361812196148
1201 36685664770337477547695
1202 37445377129980326604467
1203 38220643428805653680463
1204 39011373071756208695345
1205 39818272869646363799958
1206 40641255185683052187290
1207 41481047787277208654852
1208 42337565269448579419150
1209 43211558750751579567028
1210 44102944605220918087050
1211 45012496927628930608449
1212 45940135883584878775858
1213 46886658607489307465245
1214 47851988245080329555347
1215 48836947284673557487843
1216 49841461799936596188877
1217 50866379131981915004858
1218 51911630093235443316772
1219 52978087417048210810409
1220 54065685813236727965672
1221 55175325459084436414144
1222 56306945318563001302727
1223 57461472514425766229537
1224 58638851896024199603889
1225 59840038477373088716884
1226 61064982050289255476042
1227 62314667395980557200901
1228 63589050167732216943815
1229 64889144266737626811022
1230 66214912526513929908470
1231 67567399556652421586989
1232 68946574398550043051165
1233 70353513848892890373100
1234 71788194656349820125366
1235 73251725158479655568232
1236 74744090835521000587781
1237 76266433726424226110194
1238 77818746952806915563590
1239 79402207432540633086210
1240 81016818201198252758419
1241 82663790230172426565230
1242 84343137033248750096035
1243 86056106648927983916437
1244 87802721955120384680104
1245 89584268669786716900639
1246 91400782101630069869775
1247 93253584816267034949017
1248 95142724675323186025968
1249 97069564891718951025368
1250 99034164634946542462236
1251 101037927908918755163078
1252 103080929292821009449523
1253 105164612534397539840012
1254 107289067098230111312209
1255 109455781399405069458588
1256 111664858524558204984210
1257 113917830912736500399475
1258 116214820440324858092147
1259 118557402510515897603694
1260 120945716638432301798082
1261 123381387168600833721106
1262 125864569841886319383001
1263 128396936615750042725619
1264 130978665989164818792500
1265 133611476222405323441285
1266 136295566539242872918610
1267 139032708931755292050715
1268 141823121925389048106958
1269 144668628851080713188758
1270 147569475482733015574503
1271 150527535159195454998344
1272 153543077999104089434628
1273 156618036167501684894685
1274 159752702536403338231879
1275 162949064748633579788819
1276 166207448156554528968770
1277 169529894248392481495502
1278 172916756771753524414211
1279 176370141739308241146915
1280 179890429712337517793869
1281 183479786470525414757231
1282 187138630952663091023040
1283 190869187041723991888159
1284 194671906793269038337411
1285 198549084684415024279350
1286 202501204127749805099555
1287 206530624126924051805987
1288 210637873305933703148148
1289 214825373171426400130953
1290 219093690752732529138000
1291 223445324924198210904063
1292 227880879381047862489748
1293 232402922456357595296415
1294 237012110729887236251188
1295 241711079931419936088856
1296 246500531172696973017159
1297 251383184765218756179851
1298 256359784423700634191917
1299 261433125375857863282438
1300 266604013086521232308769
1301 271875315226098096636743
1302 277247888641122307526605
1303 282724693626375314723960
1304 288306636519672860226704
1305 293996758205540156153173
1306 299796036691714235050951
1307 305707590912754996934981
1308 311732458166137664075928
1309 317873858561834183742311
1310 324132886606205396595347
1311 330512849262273051625544
1312 337014924111826472026785
1313 343642501951670895240555
1314 350396828464693289596593
1315 357281405172318121748033
1316 364297543867316093119668
1317 371448839427185225087250
1318 378736699466734131939456
1319 386164809099818200957110
1320 393734654206895006012444
1321 401450040769206600152794
1322 409312530731121938573717
1323 417326030615172119798982
1324 425492212754206372145836
1325 433815080544550814818002
1326 442296395886398802152543
1327 450940294346996528582878
1328 459748625337899102461009
1329 468725632395237093365756
1330 477873291612532908596536
1331 487195950726251454942635
1332 496695688378352296304628
1333 506376996500062852927373
1334 516242053993526815485401
1335 526295469009610941975929
1336 536539565667069739501226
1337 546979063904743245790938
1338 557616404826432173824835
1339 568456465908191278551293
1340 579501803177146904909850
1341 590757418834069044506863
1342 602226034812185693227211
1343 613912773490139901633560
1344 625820490263360642515655
1345 637954479301782443106079
1346 650317727217730594040901
1347 662915662344590704059598
1348 675751460679151938191877
1349 688830679370217112504026
1350 702156646256605692759979
1351 715735106050593814953342
1352 729569536467501900896458
1353 743665826133688800967978
1354 758027668258623424250587
1355 772661089905656562810427
1356 787569957011641253052009
1357 802760501048510149098282
1358 818236758576459560530153
1359 834005115730984020752365
1360 850069854194300987628634
1361 866437508417978188558169
1362 883112556072030227696964
1363 900101754664208498858657
1364 917409776091874516045076
1365 935043543720975469151444
1366 953008007443080318820161
1367 971310249933002775628869
1368 989955443464038229188797
1369 1008950913603830483121224
1370 1028302053182443211471998
1371 1048016365927723615444162
1372 1068099559843500618713119
1373 1088559309288450032583224
1374 1109401573926499919537643
1375 1130634293059619887593576
1376 1152263676732424617695627
1377 1174297855210443437671262
1378 1196743394959899760740264
1379 1219608609373931903157226
1380 1242900349838387577789662
1381 1266627218113191000807183
1382 1290796349187129773886647
1383 1315416549890185366486689
1384 1340495358047540100114012
1385 1366041776627511049216992
1386 1392063665198865839962850
1387 1418570341086464490157768
1388 1445569985046055747025955
1389 1473072134040428501538361
1390 1501085423251960565005201
1391 1529619600089479800072366
1392 1558683663178364358747610
1393 1588287701958244647562283
1394 1618441077928255790475222
1395 1649154116383148829662290
1396 1680436691109941756425631
1397 1712299352736563560597131
1398 1744752384700838810104173
1399 1777806710182290034374440
1400 1811473022720640256077325
1401 1845762498047833851479062
1402 1880686406210529338479938
1403 1916256164714079666311936
1404 1952483505275074328892092
1405 1989380250660853837451629
1406 2026958594975082856697510
1407 2065230632105081815087292
1408 2104209204605351974411831
1409 2143906665082179386987326
1410 2184336375593011661541836
1411 2225511129969764855713026
1412 2267444811711883645266987
1413 2310150504983621320860635
1414 2353642821300365284963931
1415 2397935122496912249891092
1416 2443042604476988733235763
1417 2488979108837368504521029
1418 2535760418352061439783385
1419 2583400686099230098536266
1420 2631916512086902369205219
1421 2681322346543543793040604
1422 2731635445913878277114440
1423 2782870782616036200977958
1424 2835046273445920551216888
1425 2888177224480801228713407
1426 2942282468245535693922753
1427 2997377629733310736793255
1428 3053482278686367186050587
1429 3110612607506501994268369
1430 3168788927962390768047421
1431 3228027790433355536502687
1432 3288350532594377296726231
1433 3349774046261591137273045
1434 3412320495672676410681837
1435 3476007390132189349932670
1436 3540857727325582023724594
1437 3606889400042995162902552
1438 3674126553550988944415925
1439 3742587446932055166429512
1440 3812297152364562032901032
1441 3883274599711856221053810
1442 3955545796095757925988283
1443 4029130082973471166260195
1444 4104054750550758272451811
1445 4180339532728682085982396
1446 4258012757424898474550989
1447 4337094888249891354307142
1448 4417615301608879481128089
1449 4499594901881667252684049
1450 4583064498512196262375874
1451 4668045417063636555502944
1452 4754569628839918483690286
1453 4842659252016813589437804
1454 4932347431947645551979354
1455 5023656760200746392579519
1456 5116621981736907482721863
1457 5211266139566269881329953
1458 5307625277702723183796104
1459 5405723300839540209506788
1460 5505597567744799985318542
1461 5607272490288634533777903
1462 5710787210973816258265460
1463 5816166626570199061870874
1464 5923451331582718946158452
1465 6032667158772825178757327
1466 6143856172745083854339415
1467 6257044751174316179171888
1468 6372276946815714597306910
1469 6489579657062156562463563
1470 6608998556192270483091126
1471 6730561558941654606076629
1472 6854315983370718411442443
1473 6980290328522648314776796
1474 7108534125835687977785206
1475 7239076433226041327118667
1476 7371968592135750241080199
1477 7507240765336375781085352
1478 7644946129951571359402368
1479 7785115476489988807289193
1480 7927804445805190175540292
1481 8073044427941629374108670
1482 8220893082446016186666285
1483 8371383000230940975230253
1484 8524573890040183465807700
1485 8680499016682860133620856
1486 8839220828073103417761547
1487 9000773234239288738664670
1488 9165220933744682803645599
1489 9332599140153272481310360
1490 9502974837796567856598618
1491 9676383964813634210213738
1492 9852896550308109232518078
1493 10032549225534391231096054
1494 10215414526162708349732707
1495 10401530500395581033739128
1496 10590972232217555466919887
1497 10783778548343315064505166
1498 10980027913890698080958434
1499 11179759901717435018110549
1500 11383055768444671557933783
1501 11589956624982921954291686
1502 11800546566863858531613691
1503 12014867543118050805124087
1504 12233007402190927471147031
1505 12455008895992332073916285
1506 12680962978382981687138808
1507 12910914072934778733287074
1508 13144956294840264708991286
1509 13383134968499131102370970
1510 13625548372021799576059459
1511 13872242695224760821080054
1512 14123319670490915739298335
1513 14378827302490281855715794
1514 14638870840565884598067166
1515 14903499260695526325208103
1516 15172822427383162958543712
1517 15446890249054028270580314
1518 15725816429087080070540746
1519 16009652847584416275356248
1520 16298517120101753237873309
1521 16592462172098687541760444
1522 16891610732576867334598409
1523 17196016733851208560832474
1524 17505807169424162844735835
1525 17821038112770403564537590
1526 18141840904881843523208573
1527 18468272747726178833550028
1528 18800470645205924336915411
1529 19138492884953203269454897
1530 19482481205749700824149938
1531 19832496221529072932552944
1532 20188684501473437682917945
1533 20551107876205562144384653
1534 20919919181502576046212264
1535 21295181422674072604870230
1536 21677052689821230947831778
1537 22065598514655837627248206
1538 22460982349911098294555077
1539 22863271041625577253668454
1540 23272634975610714451934532
1541 23689142266783235547673262
1542 24112969128834785666697051
1543 24544186422235646758721173
1544 24982976311378842501005282
1545 25429411076657733928415104
1546 25883680546898458694799694
1547 26345858377637688539374977
1548 26816140858869679966560126
1549 27294604627123760920328992
1550 27781452572697810693048199
1551 28276762868482234249327186
1552 28780746875492990456223528
1553 29293484255347167320423690
1554 29815193527332733815306280
1555 30345957593759950319665054
1556 30886002290521818556885242
1557 31435412182443098506221170
1558 31994422461216813375710801
1559 32563119306675874827621877
1560 33141745839634525826265516
1561 33730391759306039276567789
1562 34329308293659675001438187
1563 34938586944453291897840903
1564 35558489268111775417561440
1565 36189108519024429225804947
1566 36830715030214876821670442
1567 37483405882553368245839630
1568 38147460387826746813807879
1569 38822977579517280208471227
1570 39510248167353983017460166
1571 40209373089851363079033161
1572 40920652769085856045892763
1573 41644192300859761703197198
1574 42380302045119265569802122
1575 43129089219450440622384469
1576 43890876755115510843201090
1577 44665773941086523498597139
1578 45454114450271398796919428
1579 46256012090959396018831614
1580 47071811532826956973497539
1581 47901628887114570857360506
1582 48745822684025544858082441
1583 49604511291555960781893851
1584 50478065114161344352287267
1585 51366607432293620766342026
1586 52270520810969007278115899
1587 53189931037558021305465473
1588 54125235951806273429185628
1589 55076563798023642054247624
1590 56044325538430498262616221
1591 57028654759126378744508293
1592 58029975866001068338263720
1593 59048425172441584896776610
1594 60084443909101944039830482
1595 61138171072644472401984127
1596 62210062387373547588939338
1597 63300262658078254323982961
1598 64409242463553612063148811
1599 65537149580824567436095510
1600 66684473115541658951118311
1601 67851363772239564969475455
1602 69038326660188856293075795
1603 70245518802681690163446193
1604 71473461713902323598391447
1605 72722315658376329157743367
1606 73992622540806620268515402
1607 75284545828910743463028500
1608 76598645089568546952520212
1609 77935090660869406762811395
1610 79294460222314775934655030
1611 80676927651217575470283353
1612 82083093061762977057485044
1613 83513133834386767418339816
1614 84967669567148763331760678
1615 86446885118878618759799149
1616 87951420073946588823729449
1617 89481463158026754792915034
1618 91037678628999210214808471
1619 92620259050024974456769250
1620 94229890166208041278006414
1621 95866772675379128139893941
1622 97531614371141813554129176
1623 99224620182970699118316674
1624 100946525027200963581821516
1625 102697538040027086475860334
1626 104478417823064882293275438
1627 106289382370070083898161272
1628 108131214593555265597674419
1629 110004137116310888993680437
1630 111908962659611863346187066
1631 113845918463189045825642025
1632 115815843348040462431423246
1633 117818974194448945296871274
1634 119856176618155633503354065
1635 121927692576178925950010882
1636 124034420427591337670131859
1637 126176607199642196747277033
1638 128355180001127003560717446
1639 130570396357183978925943711
1640 132823212899285781838939488
1641 135113892716598514540708554
1642 137443428400160474159249812
1643 139812088615198883790667280
1644 142220897605278165218500081
1645 144670135468701900033308454
1646 147160858963587077715376217
1647 149693354300407276847835940
1648 152268717710273784555148353
1649 154887241533795720978860752
1650 157550056845158004700914312
1651 160257468440384953083116319
1652 163010643190533207363309326
1653 165809892604184731969134605
1654 168656426868170445006693333
1655 171550564245814304919865374
1656 174493553257256627820819107
1657 177485725736702202177632433
1658 180528369601976778298290955
1659 183621824068399191832062414
1660 186767424571002879461924001
1661 189965517763296604660035434
1662 193217481247221978735293285
1663 196523676469514452985295884
1664 199885524369947969486988450
1665 203303394517058767088607253
1666 206778759959131398721172158
1667 210311998472025733545393233
1668 213904629464239355806096664
1669 217557046832431351242540752
1670 221270817650917450536492169
1671 225046344760609288447273437
1672 228885252359635908418634999
1673 232787952342303484162814122
1674 236756119862882317368149788
1675 240790184399354038716275111
1676 244891873501650477532363786
1677 249061626503411499238583365
1678 253301233560057760077870986
1679 257611144001833719163901847
1680 261993203972049484373243496
1681 266447881972456530957509773
1682 270977081733944236361503206
1683 275581282629274412222815014
1684 280262456969960368505933088
1685 285021095173058550733965948
1686 289859231047810276989686198
1687 294777375931617593552586579
1688 299777626894724249401054401
1689 304860507262617738351658273
1690 310028189223535702323281432
1691 315281208312083679852629185
1692 320621804240992175958846044
1693 326050535368855076501058279
1694 331569710884482058155523314
1695 337179902388589777050054002
1696 342883501306330093653570595
1697 348681092741134231013112381
1698 354575142243226469992273375
1699 360566259826653638936409326
1700 366656987314595927436104632
1701 372847949341419234558841069
1702 379141777750492837068565695
1703 385539112120820946547252837
1704 392042665624791538437723158
1705 398653105036065154467995746
1706 405373227239202178511050617
1707 412203715173062573601608204
1708 419147464217170417393350471
1709 426205173845789094839899809
1710 433379828665261134562596533
1711 440672157845093324071850753
1712 448085237832484543441013005
1713 455619815666282740146905820
1714 463279075540032334222793450
1715 471063782812470701672156855
1716 478977219514512347753386373
1717 487020183437792516702258043
1718 495196057351931971189693205
1719 503505658814179094764151432
1720 511952488419617176988347401
1721 520537384011567819685696601
1722 529263953456741237533158977
1723 538133070034272133623408188
1724 547148452052180246204035560
1725 556310994661751460314394518
1726 565624544991210073869008747
1727 575090020680110140601675754
1728 584711386412897436350447418
1729 594489598540617618790204941
1730 604428742819043256084091833
1731 614529799810164190496176835
1732 624796996059835466128946299
1733 635231337051935692732772271
1734 645837178137155680846233969
1735 656615567119083950607129343
1736 667570991999653567742911590
1737 678704527390519948593558209
1738 690020815142041701446515403
1739 701520957495476093119197817
1740 713209737376530981652039424
1741 725088303280108825556756292
1742 737161583462423425327385657
1743 749430756115119419040482012
1744 761900917535108234940305673
1745 774573276553101420326475658
1746 787453083951540477458691050
1747 800541599146606766712268691
1748 813844232061803260345556371
1749 827362275000778558020559481
1750 841101321421906555048228555
1751 855062697609255204893367347
1752 869252166124494221548478922
1753 883671108569780142211302988
1754 898325461744750719486385799
1755 913216643704085216848165723
1756 928350791607752177420618394
1757 943729361202398152750048816
1758 959358674727445267719239756
1759 975240248439873168300085016
1760 991380595270101788192631451
1761 1007781271860937808698067880
1762 1024449009863115755567063147
1763 1041385407737615113290957089
1764 1058597399599455482915427181
1765 1076086650115287510115577264
1766 1093860302063086857287990899
1767 1111920064884385887560777270
1768 1130273320013158324965400507
1769 1148921823270497496886193297
1770 1167873177567648417283298797
1771 1187129211174355124800716689
1772 1206697755237830255439856916
1773 1226580687654300252186686533
1774 1246786099950739012005368233
1775 1267315921492652351516413547
1776 1288178485956154040909688077
1777 1309375802003506190361094316
1778 1330916452926678037918226755
1779 1352802502400642698254850008
1780 1375042817696293742644634316
1781 1397639519577378230631341321
1782 1420601740060006112735272037
1783 1443931686721040223300890681
1784 1467638764439835175954144392
1785 1491725241783747965041960392
1786 1516200833310949396356684387
1787 1541067870939933800683243956
1788 1566336358538552457777404509
1789 1592008723060662689108892846
1790 1618095266644908243973210005
1791 1644598483860643415926736057
1792 1671529014428242021779069740
1793 1698889423192133440420939538
1794 1726690665995201509462453428
1795 1754935411768125758822313312
1796 1783634942229850509491621593
1797 1812792001274244510873053966
1798 1842418238588720280555646018
1799 1872516476023542288859667988
1800 1903098708549827518807255022
1801 1934167872000248940313887274
1802 1965736317376557079292165291
1803 1997807063624661421601596829
1804 2030392862661871086644352278
1805 2063496819910054398542414360
1806 2097132064379434750664306671
1807 2131301826364257758620531640
1808 2166019623663653568279213519
1809 2201288778689979387715903991
1810 2237123246055529486021833804
1811 2273526444084736302817512934
1812 2310512739057800218467924819
1813 2348085686094438439264868474
1814 2386260075999962498398269961
1815 2425039566025308354323846826
1816 2464439422685450777204142975
1817 2504463409601892458614844672
1818 2545127242669693633257652371
1819 2586434835390739864535703481
1820 2628402367021002747689944544
1821 2671033864244733066563736904
1822 2714346024389400296549760710
1823 2758342992099231966684437473
1824 2803041955018623410634718766
1825 2848447222035504010614742426
1826 2894576486494121554969005666
1827 2941434182740375250119890522
1828 2989038568085958194837765053
1829 3037394207638433322963711509
1830 3086519893695272219067714081
1831 3136420371360437748903584495
1832 3187114984617291270326614497
1833 3238608617586687127350511443
1834 3290921228148781264893402510
1835 3344057845399906509623002990
1836 3398039010661747996794973996
1837 3452869950316621212537855809
1838 3508571807501781734993522761
1839 3565149962625090582622956567
1840 3622626226832334940442619392
1841 3681006141190282060720822179
1842 3740312153134738884636365947
1843 3800550019995177361321906531
1844 3861742845403779156949999991
1845 3923896557328366492929102815
1846 3987034986245532609010855888
1847 4051164238177398243896782749
1848 4116308837211519290697753487
1849 4182475126417971484800485802
1850 4249688345379778750060298773
1851 4317955026169883567882930325
1852 4387301198952116941782935019
1853 4457733593057289055863930203
1854 4529278994706392823675746991
1855 4601944393133709057187911334
1856 4675757354343604341314260176
1857 4750725076885872747675799098
1858 4826875986641724184809062039
1859 4904217500653971208339966373
1860 4982778868608910789147588630
1861 5062567792474840547262921602
1862 5143614371791624005427527983
1863 5225926540302527995126250116
1864 5309535332413970781237132527
1865 5394448923841681970777405304
1866 5480699246561131246384410910
1867 5568294788718463681516040020
1868 5657268408095910047770530751
1869 5747628849390852000656463351
1870 5839409986806520402044535120
1871 5932620832943794071455454731
1872 6027296239564265848530283095
1873 6123445561833549516961668647
1874 6221104660016952356459431785
1875 6320283173260015402078199043
1876 6421018066458961060620204415
1877 6523319275313846419263455568
1878 6627224829359554061780147174
1879 6732745039921442584032142981
1880 6839919034696647298002630662
1881 6948757439218565297917704396
1882 7059300581711532317571621020
1883 7171559415907914011100198188
1884 7285575429003872062121514198
1885 7401359986633180189200504239
1886 7518955771719667137181492199
1887 7638374497540757429882507774
1888 7759660151257451207673113879
1889 7882824809226965260587709296
1890 8007913720297535856672769311
1891 8134939412503598723354409349
1892 8263948436153254864865175660
1893 8394953703779080299905382444
1894 8528003182573893704969385532
1895 8663110186710000082702806044
1896 8800324056278941617417868775
1897 8939658600765526811405383304
1898 9081164576759384418896104797
1899 9224856218911389258990361684
1900 9370785822544619063039738452
1901 9518968066413938135744547187
1902 9669456739783607115608558866
1903 9822267064583081900541897909
1904 9977454371125949989526878604
1905 10135034351377135948934151951
1906 10295064006673424661832977973
1907 10457559519987426289372758015
1908 10622579517632008979210546637
1909 10790140778180068508436447007
1910 10960303604523861447470624093
1911 11133085294733066582219728380
1912 11308547965768703689759665797
1913 11486709458361736366141100429
1914 11667633656938405847597480408
1915 11851339055393579137539835474
1916 12037891361397719061526787815
1917 12227309642876123199299933569
1918 12419661576852978706901365024
1919 12614966830849485980519797932
1920 12813295003625424372610361041
1921 13014666478888931603579393163
1922 13219152838172869285052051697
1923 13426775099322703071468400752
1924 13637606981002687609373336255
1925 13851670163396881300468862221
1926 14069040454579152119315625341
1927 14289740320095947347233369973
1928 14513847723400625851120688801
1929 14741385830324745993322555782
1930 14972434923609133943036524215
1931 15207018900514278844597305735
1932 15445220314661153871896087449
1933 15687063924430251790767737214
1934 15932634626409908286690512472
1935 16181957952209008311480659643
1936 16435121314435997021618634852
1937 16692151052215251469763172602
1938 16953137046235349620795010697
1939 17218106579779649238063483653
1940 17487152079485838300405000327
1941 17760301682072041730720479417
1942 18037650543718547820929811618
1943 18319227692427173759999504819
1944 18605130965718605451472308015
1945 18895390426763641379686930604
1946 19190106679528706020693952430
1947 19489310729001424699553368521
1948 19793106139271423204953752644
1949 20101524898706055076960994613
1950 20414673484489956199383081990
1951 20732585019865224343069628430
1952 21055368986969184107624514798
1953 21383059548028675630310253712
1954 21715769395388054407963322831
1955 22053533776077787080190448261
1956 22396468546061074731315625825
1957 22744610196489195594593715621
1958 23098077847311374772335192061
1959 23456909135559253652109479249
1960 23821226661476510879440793119
1961 24191069258316661515016113574
1962 24566562962089993104036221421
1963 24947747969862591050760099290
1964 25334753861625671971046566045
1965 25727622097882061473043275882
1966 26126486031737169430714712939
1967 26531388442534215870592679601
1968 26942466413285799978122465932
1969 27359764218143154876079144103
1970 27783422788187421806065774593
1971 28213487790226604775269120525
1972 28650104244609792979995353850
1973 29093319271654485919933314218
1974 29543281940918761048757166838
1975 30000041011115034537531621746
1976 30463749728436118538262420474
1977 30934458386268820481040320193
1978 31412324662785517830038418136
1979 31897400452871967779501361226
1980 32389847829021393000690607895
1981 32889720481592279431064557338
1982 33397185016422239287705507597
1983 33912296814605025019903636766
1984 34435227283761170872962594477
1985 34966033569041533391311960552
1986 35504891846862276295953346877
1987 36051861229962209442904467145
1988 36607122813461199009014775797
1989 37170737572120170222520433486
1990 37742891803713042762459518871
1991 38323648425556012481393427318
1992 38913198908843899384255591712
1993 39511608326763995050326797863
1994 40119073487304137190757433155
1995 40735661513909272076120302128
1996 41361574849647469309286339820
1997 41996882756469251199471036074
1998 42641793289817889379038595382
1999 43296378073618006668480885866
2000 43960850951769230883506805001
